single point
    aquf_caco3                      5.846838119557602e-05    1.000000000000000    0.000000000000000
    aquf_caso4                      8.129605645910651e-07    1.000000000000000    0.000000000000000
    aquf_mgso4                      3.718918365791508e-05    1.000000000000000    0.000000000000000
   soil_caco_h                      24.72227330122260    1.000000000000000    0.000000000000000
   soil_caco_l                      12.48910690488935    1.000000000000000    0.000000000000000
   soil_caco_m                      15.98273198197110    1.000000000000000    0.000000000000000
  soil_caco_mh                      17.99523609542447    1.000000000000000    0.000000000000000
  soil_caco_ml                      14.58734771076414    1.000000000000000    0.000000000000000
   soil_caso_h                      4.981638951485458    1.000000000000000    0.000000000000000
   soil_caso_l                      0.1898331375518088    1.000000000000000    0.000000000000000
   soil_caso_m                      1.091766509396575    1.000000000000000    0.000000000000000
  soil_caso_mh                      2.211736305233131    1.000000000000000    0.000000000000000
  soil_caso_ml                      0.5242189331372454    1.000000000000000    0.000000000000000
           p12                      1.610000000000000    1.000000000000000    0.000000000000000
           p15                      2.000000000000000e-05    1.000000000000000    0.000000000000000
           p16                      1.450000000000000    1.000000000000000    0.000000000000000
           p17                      0.5000000000000000    1.000000000000000    0.000000000000000
           p20                      0.4000000000000000    1.000000000000000    0.000000000000000
           p23                      0.003200000000000000    1.000000000000000    0.000000000000000
           p25                      1.000000000000000e-05    1.000000000000000    0.000000000000000
           p40                      1.000000000000000    1.000000000000000    0.000000000000000
           p49                      3.170000000000000    1.000000000000000    0.000000000000000
            p5                      0.1150000000000000    1.000000000000000    0.000000000000000
           p50                      0.3000000000000000    1.000000000000000    0.000000000000000
           p51                      0.9000000000000000    1.000000000000000    0.000000000000000
           p61                      0.1150000000000000    1.000000000000000    0.000000000000000
           p90                      1.000000000000000    1.000000000000000    0.000000000000000
           p91                      0.08720000000000000    1.000000000000000    0.000000000000000
           p92                      2.000000000000000    1.000000000000000    0.000000000000000
   rivbot_rg01                      5.000000000000000    1.000000000000000   -5.000000000000000
   rivbot_rg02                      5.000000000000000    1.000000000000000   -5.000000000000000
   rivbot_rg03                      5.000000000000000    1.000000000000000   -5.000000000000000
   rivbot_rg04                      5.000000000000000    1.000000000000000   -5.000000000000000
   rivbot_rg05                      5.000000000000000    1.000000000000000   -5.000000000000000
    rivcd_rg01                      28.20300946758585    1.000000000000000   -50.00000000000000
    rivcd_rg02                      86.19058129560752    1.000000000000000   -50.00000000000000
    rivcd_rg03                      32.39253126702751    1.000000000000000   -50.00000000000000
    rivcd_rg04                      44.84909113835527    1.000000000000000   -50.00000000000000
    rivcd_rg05                      19.19373265774843    1.000000000000000   -50.00000000000000
    salt_ca000                      19.88845599769694    1.000000000000000    0.000000000000000
    salt_ca001                      181.0047099300714    1.000000000000000    0.000000000000000
    salt_ca002                      32.49943452028449    1.000000000000000    0.000000000000000
    salt_ca003                      285.9894943607723    1.000000000000000    0.000000000000000
    salt_ca004                      222.6307810176594    1.000000000000000    0.000000000000000
    salt_ca005                      27.86706282038994    1.000000000000000    0.000000000000000
    salt_ca006                      382.0982809474086    1.000000000000000    0.000000000000000
    salt_ca007                      213.4099653572386    1.000000000000000    0.000000000000000
    salt_ca008                      36.97575948722495    1.000000000000000    0.000000000000000
    salt_ca009                      158.1593146376244    1.000000000000000    0.000000000000000
    salt_ca010                      131.1854409618651    1.000000000000000    0.000000000000000
    salt_ca011                      120.0262140760141    1.000000000000000    0.000000000000000
    salt_ca012                      110.3856660631878    1.000000000000000    0.000000000000000
    salt_ca013                      90.10432305197959    1.000000000000000    0.000000000000000
    salt_ca014                      197.7160348606410    1.000000000000000    0.000000000000000
    salt_ca015                      140.2141999356093    1.000000000000000    0.000000000000000
    salt_ca016                      702.7485217485149    1.000000000000000    0.000000000000000
    salt_ca017                      370.7181524793603    1.000000000000000    0.000000000000000
    salt_ca018                      79.65088187222794    1.000000000000000    0.000000000000000
    salt_ca019                      50.50596442451270    1.000000000000000    0.000000000000000
    salt_ca020                      59.39852480122030    1.000000000000000    0.000000000000000
    salt_ca021                      1149.543605881906    1.000000000000000    0.000000000000000
    salt_ca022                      228.1813420390055    1.000000000000000    0.000000000000000
    salt_ca023                      245.7647065913899    1.000000000000000    0.000000000000000
    salt_ca024                      88.86482788721105    1.000000000000000    0.000000000000000
    salt_ca025                      108.3724846792042    1.000000000000000    0.000000000000000
    salt_ca026                      477.8476936334994    1.000000000000000    0.000000000000000
    salt_ca027                      178.3901898622535    1.000000000000000    0.000000000000000
    salt_ca028                      17.19082786536180    1.000000000000000    0.000000000000000
    salt_ca029                      137.9669872656386    1.000000000000000    0.000000000000000
    salt_ca030                      48.49298443442307    1.000000000000000    0.000000000000000
    salt_ca031                      153.2516642643359    1.000000000000000    0.000000000000000
    salt_ca032                      78.85315613565032    1.000000000000000    0.000000000000000
    salt_ca033                      135.8400918561454    1.000000000000000    0.000000000000000
    salt_ca034                      48.09123786378343    1.000000000000000    0.000000000000000
    salt_ca035                      18.07486789062710    1.000000000000000    0.000000000000000
    salt_ca036                      506.7679504156931    1.000000000000000    0.000000000000000
    salt_cl000                      119.4696840267768    1.000000000000000    0.000000000000000
    salt_cl001                      198.9970798789818    1.000000000000000    0.000000000000000
    salt_cl002                      274.2633053558200    1.000000000000000    0.000000000000000
    salt_cl003                      152.4825195559307    1.000000000000000    0.000000000000000
    salt_cl004                      105.4363666811734    1.000000000000000    0.000000000000000
    salt_cl005                      141.3209453722611    1.000000000000000    0.000000000000000
    salt_cl006                      53.23343064049116    1.000000000000000    0.000000000000000
    salt_cl007                      344.9459689050810    1.000000000000000    0.000000000000000
    salt_cl008                      118.8944463593042    1.000000000000000    0.000000000000000
    salt_cl009                      244.1484152972949    1.000000000000000    0.000000000000000
    salt_cl010                      95.88627466521265    1.000000000000000    0.000000000000000
    salt_cl011                      367.8113095049389    1.000000000000000    0.000000000000000
    salt_cl012                      126.2066581929558    1.000000000000000    0.000000000000000
    salt_cl013                      165.7745463988866    1.000000000000000    0.000000000000000
    salt_cl014                      41.92402468833455    1.000000000000000    0.000000000000000
    salt_cl015                      208.4167847377513    1.000000000000000    0.000000000000000
    salt_cl016                      59.01165996189533    1.000000000000000    0.000000000000000
    salt_cl017                      73.59056794288803    1.000000000000000    0.000000000000000
    salt_cl018                      142.4204993668109    1.000000000000000    0.000000000000000
    salt_cl019                      200.9326747549299    1.000000000000000    0.000000000000000
    salt_cl020                      51.32271161930139    1.000000000000000    0.000000000000000
    salt_cl021                      104.3046098809376    1.000000000000000    0.000000000000000
    salt_cl022                      40.33791918233008    1.000000000000000    0.000000000000000
    salt_cl023                      147.2471172683682    1.000000000000000    0.000000000000000
    salt_cl024                      71.91577839680917    1.000000000000000    0.000000000000000
    salt_cl025                      144.2150148854059    1.000000000000000    0.000000000000000
    salt_cl026                      70.16656707283711    1.000000000000000    0.000000000000000
    salt_cl027                      187.6829772567787    1.000000000000000    0.000000000000000
    salt_cl028                      95.96385176075316    1.000000000000000    0.000000000000000
    salt_cl029                      82.78209920743681    1.000000000000000    0.000000000000000
    salt_cl030                      44.78903810325367    1.000000000000000    0.000000000000000
    salt_cl031                      81.22038484567950    1.000000000000000    0.000000000000000
    salt_cl032                      253.8212319200753    1.000000000000000    0.000000000000000
    salt_cl033                      149.2980499991113    1.000000000000000    0.000000000000000
    salt_cl034                      295.6866606638216    1.000000000000000    0.000000000000000
    salt_cl035                      80.37656830430195    1.000000000000000    0.000000000000000
    salt_cl036                      297.2667291465490    1.000000000000000    0.000000000000000
   salt_co3000                      2.943570642019952    1.000000000000000    0.000000000000000
   salt_co3001                      8.441519785556418    1.000000000000000    0.000000000000000
   salt_co3002                      5.272884582048560    1.000000000000000    0.000000000000000
   salt_co3003                      3.265314540858559    1.000000000000000    0.000000000000000
   salt_co3004                      7.949969524858353    1.000000000000000    0.000000000000000
   salt_co3005                      1.877061548657129    1.000000000000000    0.000000000000000
   salt_co3006                      1.820411026846717    1.000000000000000    0.000000000000000
   salt_co3007                      4.421268771725089    1.000000000000000    0.000000000000000
   salt_co3008                      14.18311715865211    1.000000000000000    0.000000000000000
   salt_co3009                      2.716025069699462    1.000000000000000    0.000000000000000
   salt_co3010                      4.866054925729006    1.000000000000000    0.000000000000000
   salt_co3011                      4.389758851296246    1.000000000000000    0.000000000000000
   salt_co3012                      2.501107698455693    1.000000000000000    0.000000000000000
   salt_co3013                      7.176954448722801    1.000000000000000    0.000000000000000
   salt_co3014                      2.364635951963266    1.000000000000000    0.000000000000000
   salt_co3015                      7.686913095554658    1.000000000000000    0.000000000000000
   salt_co3016                      4.371783785017865    1.000000000000000    0.000000000000000
   salt_co3017                      3.910013221415058    1.000000000000000    0.000000000000000
   salt_co3018                      12.42215008890658    1.000000000000000    0.000000000000000
   salt_co3019                      5.162982710690054    1.000000000000000    0.000000000000000
   salt_co3020                      0.9489169190004758    1.000000000000000    0.000000000000000
   salt_co3021                      0.9129312021457412    1.000000000000000    0.000000000000000
   salt_co3022                      8.446009343682242    1.000000000000000    0.000000000000000
   salt_co3023                      3.501481049392529    1.000000000000000    0.000000000000000
   salt_co3024                      3.744301135336518    1.000000000000000    0.000000000000000
   salt_co3025                      7.885382512035391    1.000000000000000    0.000000000000000
   salt_co3026                      0.6976733106008650    1.000000000000000    0.000000000000000
   salt_co3027                      4.304276817261031    1.000000000000000    0.000000000000000
   salt_co3028                      4.809860628003571    1.000000000000000    0.000000000000000
   salt_co3029                      1.801104539892450    1.000000000000000    0.000000000000000
   salt_co3030                      3.410594264800882    1.000000000000000    0.000000000000000
   salt_co3031                      6.618457005298056    1.000000000000000    0.000000000000000
   salt_co3032                      3.074290769028264    1.000000000000000    0.000000000000000
   salt_co3033                      2.225380748223385    1.000000000000000    0.000000000000000
   salt_co3034                      4.020063944435984    1.000000000000000    0.000000000000000
   salt_co3035                      5.217398583257194    1.000000000000000    0.000000000000000
   salt_co3036                      1.411709612432845    1.000000000000000    0.000000000000000
  salt_hco3000                      245.4038003294252    1.000000000000000    0.000000000000000
  salt_hco3001                      39.52896157636168    1.000000000000000    0.000000000000000
  salt_hco3002                      78.66528796456481    1.000000000000000    0.000000000000000
  salt_hco3003                      213.1552617095416    1.000000000000000    0.000000000000000
  salt_hco3004                      529.5449535033384    1.000000000000000    0.000000000000000
  salt_hco3005                      2444.393592418472    1.000000000000000    0.000000000000000
  salt_hco3006                      169.3901289018079    1.000000000000000    0.000000000000000
  salt_hco3007                      59.89473670610079    1.000000000000000    0.000000000000000
  salt_hco3008                      121.6965417836438    1.000000000000000    0.000000000000000
  salt_hco3009                      2305.438773802377    1.000000000000000    0.000000000000000
  salt_hco3010                      349.2061726992304    1.000000000000000    0.000000000000000
  salt_hco3011                      323.7742881451768    1.000000000000000    0.000000000000000
  salt_hco3012                      727.1496748911658    1.000000000000000    0.000000000000000
  salt_hco3013                      52.54531038069076    1.000000000000000    0.000000000000000
  salt_hco3014                      35.85175992708718    1.000000000000000    0.000000000000000
  salt_hco3015                      208.2489085234861    1.000000000000000    0.000000000000000
  salt_hco3016                      3034.545188769909    1.000000000000000    0.000000000000000
  salt_hco3017                      8627.381792644785    1.000000000000000    0.000000000000000
  salt_hco3018                      248.8411265782660    1.000000000000000    0.000000000000000
  salt_hco3019                      410.8953688039620    1.000000000000000    0.000000000000000
  salt_hco3020                      759.0956135530515    1.000000000000000    0.000000000000000
  salt_hco3021                      3078.338257437042    1.000000000000000    0.000000000000000
  salt_hco3022                      46.99217064497333    1.000000000000000    0.000000000000000
  salt_hco3023                      880.3609561289059    1.000000000000000    0.000000000000000
  salt_hco3024                      92.40299546145805    1.000000000000000    0.000000000000000
  salt_hco3025                      93.62338523447522    1.000000000000000    0.000000000000000
  salt_hco3026                      101.4139614668150    1.000000000000000    0.000000000000000
  salt_hco3027                      81.83583273134856    1.000000000000000    0.000000000000000
  salt_hco3028                      75.38651890411089    1.000000000000000    0.000000000000000
  salt_hco3029                      99.53054199398882    1.000000000000000    0.000000000000000
  salt_hco3030                      182.8745546749804    1.000000000000000    0.000000000000000
  salt_hco3031                      117.5277100492727    1.000000000000000    0.000000000000000
  salt_hco3032                      286.5425713290841    1.000000000000000    0.000000000000000
  salt_hco3033                      1061.339578490232    1.000000000000000    0.000000000000000
  salt_hco3034                      220.6762671240465    1.000000000000000    0.000000000000000
  salt_hco3035                      170.5342000991025    1.000000000000000    0.000000000000000
  salt_hco3036                      1416.694358838649    1.000000000000000    0.000000000000000
     salt_k000                      4.561657868393807    1.000000000000000    0.000000000000000
     salt_k001                      2.949337493086265    1.000000000000000    0.000000000000000
     salt_k002                      1.107218752637379    1.000000000000000    0.000000000000000
     salt_k003                      2.669920660532636    1.000000000000000    0.000000000000000
     salt_k004                      1.485759919193196    1.000000000000000    0.000000000000000
     salt_k005                      2.645724062545390    1.000000000000000    0.000000000000000
     salt_k006                      0.9878848163114782    1.000000000000000    0.000000000000000
     salt_k007                      1.028925349056040    1.000000000000000    0.000000000000000
     salt_k008                      5.989253472231194    1.000000000000000    0.000000000000000
     salt_k009                      3.583283243922202    1.000000000000000    0.000000000000000
     salt_k010                      0.3483922524819590    1.000000000000000    0.000000000000000
     salt_k011                      6.938490845669476    1.000000000000000    0.000000000000000
     salt_k012                      1.591407059170957    1.000000000000000    0.000000000000000
     salt_k013                      2.444153685683252    1.000000000000000    0.000000000000000
     salt_k014                      3.404384152939890    1.000000000000000    0.000000000000000
     salt_k015                      8.089371427925427    1.000000000000000    0.000000000000000
     salt_k016                      0.7616131239897973    1.000000000000000    0.000000000000000
     salt_k017                      1.530065285357108    1.000000000000000    0.000000000000000
     salt_k018                      2.117842067814061    1.000000000000000    0.000000000000000
     salt_k019                      1.544246446695539    1.000000000000000    0.000000000000000
     salt_k020                      1.506088177765122    1.000000000000000    0.000000000000000
     salt_k021                      3.140200420844452    1.000000000000000    0.000000000000000
     salt_k022                      1.991495167238573    1.000000000000000    0.000000000000000
     salt_k023                      2.878940822597202    1.000000000000000    0.000000000000000
     salt_k024                      6.047484408835818    1.000000000000000    0.000000000000000
     salt_k025                      9.142634447843445    1.000000000000000    0.000000000000000
     salt_k026                      1.132605743326354    1.000000000000000    0.000000000000000
     salt_k027                      1.057495277271653    1.000000000000000    0.000000000000000
     salt_k028                      0.4651456303090098    1.000000000000000    0.000000000000000
     salt_k029                      7.311047343766920    1.000000000000000    0.000000000000000
     salt_k030                      3.139136269237460    1.000000000000000    0.000000000000000
     salt_k031                      1.547220467321372    1.000000000000000    0.000000000000000
     salt_k032                      2.651181979407716    1.000000000000000    0.000000000000000
     salt_k033                      0.4408856905437006    1.000000000000000    0.000000000000000
     salt_k034                      2.633543822558936    1.000000000000000    0.000000000000000
     salt_k035                      2.126164426802269    1.000000000000000    0.000000000000000
     salt_k036                      1.337609080845638    1.000000000000000    0.000000000000000
    salt_mg000                      19.61558576995288    1.000000000000000    0.000000000000000
    salt_mg001                      7.387702962448121    1.000000000000000    0.000000000000000
    salt_mg002                      4.941340881174920    1.000000000000000    0.000000000000000
    salt_mg003                      25.84496266053441    1.000000000000000    0.000000000000000
    salt_mg004                      35.76926932008534    1.000000000000000    0.000000000000000
    salt_mg005                      54.73540108940602    1.000000000000000    0.000000000000000
    salt_mg006                      37.58922767172407    1.000000000000000    0.000000000000000
    salt_mg007                      10.44995559840248    1.000000000000000    0.000000000000000
    salt_mg008                      8.065434866029651    1.000000000000000    0.000000000000000
    salt_mg009                      49.44325867753289    1.000000000000000    0.000000000000000
    salt_mg010                      2.501860116744577    1.000000000000000    0.000000000000000
    salt_mg011                      26.79977846310056    1.000000000000000    0.000000000000000
    salt_mg012                      14.48140464643898    1.000000000000000    0.000000000000000
    salt_mg013                      6.303694698287971    1.000000000000000    0.000000000000000
    salt_mg014                      3.241500316055280    1.000000000000000    0.000000000000000
    salt_mg015                      57.57391577509860    1.000000000000000    0.000000000000000
    salt_mg016                      22.00613712577821    1.000000000000000    0.000000000000000
    salt_mg017                      56.74482430685642    1.000000000000000    0.000000000000000
    salt_mg018                      64.27259989794089    1.000000000000000    0.000000000000000
    salt_mg019                      6.286093203951256    1.000000000000000    0.000000000000000
    salt_mg020                      7.239797137388708    1.000000000000000    0.000000000000000
    salt_mg021                      15.29193155669766    1.000000000000000    0.000000000000000
    salt_mg022                      6.859405804478406    1.000000000000000    0.000000000000000
    salt_mg023                      17.25149165501098    1.000000000000000    0.000000000000000
    salt_mg024                      13.80116524802941    1.000000000000000    0.000000000000000
    salt_mg025                      41.58471100688803    1.000000000000000    0.000000000000000
    salt_mg026                      84.34920608361523    1.000000000000000    0.000000000000000
    salt_mg027                      7.491678187904205    1.000000000000000    0.000000000000000
    salt_mg028                      372.3134924959208    1.000000000000000    0.000000000000000
    salt_mg029                      4.179724925052980    1.000000000000000    0.000000000000000
    salt_mg030                      46.94648116297411    1.000000000000000    0.000000000000000
    salt_mg031                      5.678279192508618    1.000000000000000    0.000000000000000
    salt_mg032                      4.161803930316100    1.000000000000000    0.000000000000000
    salt_mg033                      95.05583813358385    1.000000000000000    0.000000000000000
    salt_mg034                      13.44713701200068    1.000000000000000    0.000000000000000
    salt_mg035                      14.90806604303191    1.000000000000000    0.000000000000000
    salt_mg036                      35.88644137680316    1.000000000000000    0.000000000000000
    salt_na000                      168.1686268767724    1.000000000000000    0.000000000000000
    salt_na001                      89.98018843594171    1.000000000000000    0.000000000000000
    salt_na002                      60.72155557581809    1.000000000000000    0.000000000000000
    salt_na003                      173.4869537258637    1.000000000000000    0.000000000000000
    salt_na004                      241.5217170462955    1.000000000000000    0.000000000000000
    salt_na005                      582.1653111650868    1.000000000000000    0.000000000000000
    salt_na006                      145.7835659527678    1.000000000000000    0.000000000000000
    salt_na007                      197.5694142854061    1.000000000000000    0.000000000000000
    salt_na008                      321.2250787209389    1.000000000000000    0.000000000000000
    salt_na009                      138.0977096386251    1.000000000000000    0.000000000000000
    salt_na010                      214.6940763270856    1.000000000000000    0.000000000000000
    salt_na011                      128.4872292686652    1.000000000000000    0.000000000000000
    salt_na012                      176.4311659992392    1.000000000000000    0.000000000000000
    salt_na013                      175.9755160372999    1.000000000000000    0.000000000000000
    salt_na014                      241.0520726718022    1.000000000000000    0.000000000000000
    salt_na015                      135.8624588978624    1.000000000000000    0.000000000000000
    salt_na016                      108.0806798421992    1.000000000000000    0.000000000000000
    salt_na017                      139.6246972521822    1.000000000000000    0.000000000000000
    salt_na018                      207.3923185336664    1.000000000000000    0.000000000000000
    salt_na019                      140.4919447913661    1.000000000000000    0.000000000000000
    salt_na020                      47.39744538584578    1.000000000000000    0.000000000000000
    salt_na021                      69.14874241636068    1.000000000000000    0.000000000000000
    salt_na022                      66.43412628274112    1.000000000000000    0.000000000000000
    salt_na023                      520.2032083205237    1.000000000000000    0.000000000000000
    salt_na024                      66.47876020878974    1.000000000000000    0.000000000000000
    salt_na025                      127.3077937299606    1.000000000000000    0.000000000000000
    salt_na026                      420.5167616396627    1.000000000000000    0.000000000000000
    salt_na027                      263.3912446677720    1.000000000000000    0.000000000000000
    salt_na028                      36.02354747470715    1.000000000000000    0.000000000000000
    salt_na029                      253.5916455296557    1.000000000000000    0.000000000000000
    salt_na030                      283.6506661178719    1.000000000000000    0.000000000000000
    salt_na031                      155.8831535136503    1.000000000000000    0.000000000000000
    salt_na032                      141.9076221555170    1.000000000000000    0.000000000000000
    salt_na033                      329.6952055902256    1.000000000000000    0.000000000000000
    salt_na034                      111.2052987539196    1.000000000000000    0.000000000000000
    salt_na035                      42.33055314782355    1.000000000000000    0.000000000000000
    salt_na036                      31.62884191691010    1.000000000000000    0.000000000000000
   salt_so4000                      640.6386238010141    1.000000000000000    0.000000000000000
   salt_so4001                      92.77966227207445    1.000000000000000    0.000000000000000
   salt_so4002                      501.1016327091651    1.000000000000000    0.000000000000000
   salt_so4003                      435.5632844588070    1.000000000000000    0.000000000000000
   salt_so4004                      429.6650150057503    1.000000000000000    0.000000000000000
   salt_so4005                      347.5227639319994    1.000000000000000    0.000000000000000
   salt_so4006                      47.21830375152665    1.000000000000000    0.000000000000000
   salt_so4007                      148.5024086686201    1.000000000000000    0.000000000000000
   salt_so4008                      881.9810863475807    1.000000000000000    0.000000000000000
   salt_so4009                      1359.981136311557    1.000000000000000    0.000000000000000
   salt_so4010                      72.68872739223924    1.000000000000000    0.000000000000000
   salt_so4011                      145.9516365177193    1.000000000000000    0.000000000000000
   salt_so4012                      325.9569896923814    1.000000000000000    0.000000000000000
   salt_so4013                      287.5573437924580    1.000000000000000    0.000000000000000
   salt_so4014                      141.8607392958337    1.000000000000000    0.000000000000000
   salt_so4015                      285.5776082692416    1.000000000000000    0.000000000000000
   salt_so4016                      180.1296503077311    1.000000000000000    0.000000000000000
   salt_so4017                      2605.949836673180    1.000000000000000    0.000000000000000
   salt_so4018                      231.9420325430985    1.000000000000000    0.000000000000000
   salt_so4019                      1334.797610596766    1.000000000000000    0.000000000000000
   salt_so4020                      65.87170678426268    1.000000000000000    0.000000000000000
   salt_so4021                      222.9196190775638    1.000000000000000    0.000000000000000
   salt_so4022                      111.4329282831077    1.000000000000000    0.000000000000000
   salt_so4023                      260.9537808958157    1.000000000000000    0.000000000000000
   salt_so4024                      154.2524948774459    1.000000000000000    0.000000000000000
   salt_so4025                      44.28178541755653    1.000000000000000    0.000000000000000
   salt_so4026                      112.1683171489833    1.000000000000000    0.000000000000000
   salt_so4027                      384.8774212252274    1.000000000000000    0.000000000000000
   salt_so4028                      389.4654722840255    1.000000000000000    0.000000000000000
   salt_so4029                      171.1953572348117    1.000000000000000    0.000000000000000
   salt_so4030                      190.1573898673897    1.000000000000000    0.000000000000000
   salt_so4031                      22.25712596837968    1.000000000000000    0.000000000000000
   salt_so4032                      474.4429889269889    1.000000000000000    0.000000000000000
   salt_so4033                      282.6402651536201    1.000000000000000    0.000000000000000
   salt_so4034                      88.54224478609819    1.000000000000000    0.000000000000000
   salt_so4035                      17.98011954877161    1.000000000000000    0.000000000000000
   salt_so4036                      71.01691080336141    1.000000000000000    0.000000000000000
