single point
    aquf_caco3                      5.619106853373999e-05    1.000000000000000    0.000000000000000
    aquf_caso4                      1.132013855115764e-06    1.000000000000000    0.000000000000000
    aquf_mgso4                      4.212739644281227e-05    1.000000000000000    0.000000000000000
   soil_caco_h                      24.84393763857918    1.000000000000000    0.000000000000000
   soil_caco_l                      12.48437889349579    1.000000000000000    0.000000000000000
   soil_caco_m                      15.97320469097834    1.000000000000000    0.000000000000000
  soil_caco_mh                      18.03544629678449    1.000000000000000    0.000000000000000
  soil_caco_ml                      14.58751423171953    1.000000000000000    0.000000000000000
   soil_caso_h                      5.006718989393988    1.000000000000000    0.000000000000000
   soil_caso_l                      0.1903396755151504    1.000000000000000    0.000000000000000
   soil_caso_m                      1.080548317236632    1.000000000000000    0.000000000000000
  soil_caso_mh                      2.213205104596258    1.000000000000000    0.000000000000000
  soil_caso_ml                      0.5184118083237835    1.000000000000000    0.000000000000000
           p12                      1.610000000000000    1.000000000000000    0.000000000000000
           p15                      2.000000000000000e-05    1.000000000000000    0.000000000000000
           p16                      1.450000000000000    1.000000000000000    0.000000000000000
           p17                      0.5000000000000000    1.000000000000000    0.000000000000000
           p20                      0.4000000000000000    1.000000000000000    0.000000000000000
           p23                      0.003200000000000000    1.000000000000000    0.000000000000000
           p25                      1.000000000000000e-05    1.000000000000000    0.000000000000000
           p40                      1.000000000000000    1.000000000000000    0.000000000000000
           p49                      3.170000000000000    1.000000000000000    0.000000000000000
            p5                      0.1150000000000000    1.000000000000000    0.000000000000000
           p50                      0.3000000000000000    1.000000000000000    0.000000000000000
           p51                      0.9000000000000000    1.000000000000000    0.000000000000000
           p61                      0.1150000000000000    1.000000000000000    0.000000000000000
           p90                      1.000000000000000    1.000000000000000    0.000000000000000
           p91                      0.08720000000000000    1.000000000000000    0.000000000000000
           p92                      2.000000000000000    1.000000000000000    0.000000000000000
   rivbot_rg01                      5.000000000000000    1.000000000000000   -5.000000000000000
   rivbot_rg02                      5.000000000000000    1.000000000000000   -5.000000000000000
   rivbot_rg03                      5.000000000000000    1.000000000000000   -5.000000000000000
   rivbot_rg04                      5.000000000000000    1.000000000000000   -5.000000000000000
   rivbot_rg05                      5.000000000000000    1.000000000000000   -5.000000000000000
    rivcd_rg01                      28.18786469417936    1.000000000000000   -50.00000000000000
    rivcd_rg02                      100.0000000000000    1.000000000000000   -50.00000000000000
    rivcd_rg03                      29.20934962644809    1.000000000000000   -50.00000000000000
    rivcd_rg04                      42.91069778486454    1.000000000000000   -50.00000000000000
    rivcd_rg05                      17.88116387156668    1.000000000000000   -50.00000000000000
    salt_ca000                      24.38594751508703    1.000000000000000    0.000000000000000
    salt_ca001                      189.4591877728729    1.000000000000000    0.000000000000000
    salt_ca002                      34.60058114380134    1.000000000000000    0.000000000000000
    salt_ca003                      235.2277869740637    1.000000000000000    0.000000000000000
    salt_ca004                      255.0043049228871    1.000000000000000    0.000000000000000
    salt_ca005                      29.85121494465683    1.000000000000000    0.000000000000000
    salt_ca006                      286.1409967434400    1.000000000000000    0.000000000000000
    salt_ca007                      251.1054659116160    1.000000000000000    0.000000000000000
    salt_ca008                      44.36032799122919    1.000000000000000    0.000000000000000
    salt_ca009                      120.1907202741683    1.000000000000000    0.000000000000000
    salt_ca010                      131.9773281971273    1.000000000000000    0.000000000000000
    salt_ca011                      113.1506307624106    1.000000000000000    0.000000000000000
    salt_ca012                      110.5687930576462    1.000000000000000    0.000000000000000
    salt_ca013                      103.2194191894290    1.000000000000000    0.000000000000000
    salt_ca014                      146.0333688100540    1.000000000000000    0.000000000000000
    salt_ca015                      115.4347263875422    1.000000000000000    0.000000000000000
    salt_ca016                      634.7132085656643    1.000000000000000    0.000000000000000
    salt_ca017                      294.3968727525398    1.000000000000000    0.000000000000000
    salt_ca018                      101.5685254136657    1.000000000000000    0.000000000000000
    salt_ca019                      63.05821469578373    1.000000000000000    0.000000000000000
    salt_ca020                      101.5215089333208    1.000000000000000    0.000000000000000
    salt_ca021                      1113.151511570799    1.000000000000000    0.000000000000000
    salt_ca022                      241.4581772550800    1.000000000000000    0.000000000000000
    salt_ca023                      234.7082854506968    1.000000000000000    0.000000000000000
    salt_ca024                      88.36971623714979    1.000000000000000    0.000000000000000
    salt_ca025                      100.0194554577091    1.000000000000000    0.000000000000000
    salt_ca026                      502.7164358257098    1.000000000000000    0.000000000000000
    salt_ca027                      177.8830962542229    1.000000000000000    0.000000000000000
    salt_ca028                      19.75062039494360    1.000000000000000    0.000000000000000
    salt_ca029                      112.5267268649839    1.000000000000000    0.000000000000000
    salt_ca030                      43.16755505218299    1.000000000000000    0.000000000000000
    salt_ca031                      164.7854799949881    1.000000000000000    0.000000000000000
    salt_ca032                      79.69971941329780    1.000000000000000    0.000000000000000
    salt_ca033                      141.0242291016204    1.000000000000000    0.000000000000000
    salt_ca034                      51.17204953937227    1.000000000000000    0.000000000000000
    salt_ca035                      20.68838605470424    1.000000000000000    0.000000000000000
    salt_ca036                      508.0640406025325    1.000000000000000    0.000000000000000
    salt_cl000                      121.5283526892639    1.000000000000000    0.000000000000000
    salt_cl001                      181.9497515435571    1.000000000000000    0.000000000000000
    salt_cl002                      273.1548338797184    1.000000000000000    0.000000000000000
    salt_cl003                      131.4041190811757    1.000000000000000    0.000000000000000
    salt_cl004                      82.99427851045650    1.000000000000000    0.000000000000000
    salt_cl005                      124.2678648040078    1.000000000000000    0.000000000000000
    salt_cl006                      44.73328497662298    1.000000000000000    0.000000000000000
    salt_cl007                      326.8248982197804    1.000000000000000    0.000000000000000
    salt_cl008                      141.2045326582720    1.000000000000000    0.000000000000000
    salt_cl009                      224.5968422631911    1.000000000000000    0.000000000000000
    salt_cl010                      90.59364192095249    1.000000000000000    0.000000000000000
    salt_cl011                      461.8309510093541    1.000000000000000    0.000000000000000
    salt_cl012                      127.0705223883008    1.000000000000000    0.000000000000000
    salt_cl013                      141.4146899071894    1.000000000000000    0.000000000000000
    salt_cl014                      41.08454040716519    1.000000000000000    0.000000000000000
    salt_cl015                      252.3164589755269    1.000000000000000    0.000000000000000
    salt_cl016                      60.93565715179667    1.000000000000000    0.000000000000000
    salt_cl017                      86.74168084780256    1.000000000000000    0.000000000000000
    salt_cl018                      155.7699887030460    1.000000000000000    0.000000000000000
    salt_cl019                      218.9336221831155    1.000000000000000    0.000000000000000
    salt_cl020                      65.25504691458760    1.000000000000000    0.000000000000000
    salt_cl021                      99.36402008499992    1.000000000000000    0.000000000000000
    salt_cl022                      54.06073155630229    1.000000000000000    0.000000000000000
    salt_cl023                      119.6711525225075    1.000000000000000    0.000000000000000
    salt_cl024                      70.61745702708785    1.000000000000000    0.000000000000000
    salt_cl025                      157.0217352213813    1.000000000000000    0.000000000000000
    salt_cl026                      75.48030696294859    1.000000000000000    0.000000000000000
    salt_cl027                      180.9217359010408    1.000000000000000    0.000000000000000
    salt_cl028                      75.24907723059141    1.000000000000000    0.000000000000000
    salt_cl029                      118.6300599746461    1.000000000000000    0.000000000000000
    salt_cl030                      38.50031671557591    1.000000000000000    0.000000000000000
    salt_cl031                      112.0485714692306    1.000000000000000    0.000000000000000
    salt_cl032                      239.0133266899745    1.000000000000000    0.000000000000000
    salt_cl033                      159.6322168193906    1.000000000000000    0.000000000000000
    salt_cl034                      252.4761463649832    1.000000000000000    0.000000000000000
    salt_cl035                      69.43219709090988    1.000000000000000    0.000000000000000
    salt_cl036                      419.3368782710144    1.000000000000000    0.000000000000000
   salt_co3000                      3.944289214282792    1.000000000000000    0.000000000000000
   salt_co3001                      7.079720500096909    1.000000000000000    0.000000000000000
   salt_co3002                      4.306360478860873    1.000000000000000    0.000000000000000
   salt_co3003                      3.434000070708857    1.000000000000000    0.000000000000000
   salt_co3004                      8.639647117523021    1.000000000000000    0.000000000000000
   salt_co3005                      1.930646817338228    1.000000000000000    0.000000000000000
   salt_co3006                      2.352202868364318    1.000000000000000    0.000000000000000
   salt_co3007                      3.936318051826363    1.000000000000000    0.000000000000000
   salt_co3008                      15.33055956270043    1.000000000000000    0.000000000000000
   salt_co3009                      3.066354916610064    1.000000000000000    0.000000000000000
   salt_co3010                      4.021342422318530    1.000000000000000    0.000000000000000
   salt_co3011                      5.330713354355820    1.000000000000000    0.000000000000000
   salt_co3012                      2.238388178671315    1.000000000000000    0.000000000000000
   salt_co3013                      6.931807484237811    1.000000000000000    0.000000000000000
   salt_co3014                      2.060650473782100    1.000000000000000    0.000000000000000
   salt_co3015                      7.458032777588457    1.000000000000000    0.000000000000000
   salt_co3016                      3.854241405391053    1.000000000000000    0.000000000000000
   salt_co3017                      3.407933800395116    1.000000000000000    0.000000000000000
   salt_co3018                      11.40180173227080    1.000000000000000    0.000000000000000
   salt_co3019                      5.748292316160043    1.000000000000000    0.000000000000000
   salt_co3020                      1.109792020177775    1.000000000000000    0.000000000000000
   salt_co3021                      0.8410554734801011    1.000000000000000    0.000000000000000
   salt_co3022                      7.695431613418151    1.000000000000000    0.000000000000000
   salt_co3023                      4.371209179321026    1.000000000000000    0.000000000000000
   salt_co3024                      4.021433564337686    1.000000000000000    0.000000000000000
   salt_co3025                      8.567351169784352    1.000000000000000    0.000000000000000
   salt_co3026                      0.8701976775900601    1.000000000000000    0.000000000000000
   salt_co3027                      4.697892568305875    1.000000000000000    0.000000000000000
   salt_co3028                      4.464835225478440    1.000000000000000    0.000000000000000
   salt_co3029                      2.065699903489562    1.000000000000000    0.000000000000000
   salt_co3030                      3.354940007493733    1.000000000000000    0.000000000000000
   salt_co3031                      6.691860630154316    1.000000000000000    0.000000000000000
   salt_co3032                      4.158773250127801    1.000000000000000    0.000000000000000
   salt_co3033                      2.328684359440929    1.000000000000000    0.000000000000000
   salt_co3034                      4.108714401570134    1.000000000000000    0.000000000000000
   salt_co3035                      5.055275766858432    1.000000000000000    0.000000000000000
   salt_co3036                      1.344023331346913    1.000000000000000    0.000000000000000
  salt_hco3000                      296.6742510260162    1.000000000000000    0.000000000000000
  salt_hco3001                      47.25629692794324    1.000000000000000    0.000000000000000
  salt_hco3002                      96.88966582652729    1.000000000000000    0.000000000000000
  salt_hco3003                      245.2669577787794    1.000000000000000    0.000000000000000
  salt_hco3004                      585.7757566528066    1.000000000000000    0.000000000000000
  salt_hco3005                      2719.949638717886    1.000000000000000    0.000000000000000
  salt_hco3006                      159.5646401284104    1.000000000000000    0.000000000000000
  salt_hco3007                      65.68564291473024    1.000000000000000    0.000000000000000
  salt_hco3008                      156.1452372243810    1.000000000000000    0.000000000000000
  salt_hco3009                      2422.632468096773    1.000000000000000    0.000000000000000
  salt_hco3010                      375.0792239554921    1.000000000000000    0.000000000000000
  salt_hco3011                      343.2098728691627    1.000000000000000    0.000000000000000
  salt_hco3012                      691.0970059218621    1.000000000000000    0.000000000000000
  salt_hco3013                      55.62770164251880    1.000000000000000    0.000000000000000
  salt_hco3014                      34.67308560496343    1.000000000000000    0.000000000000000
  salt_hco3015                      151.0395783134236    1.000000000000000    0.000000000000000
  salt_hco3016                      3208.897682751412    1.000000000000000    0.000000000000000
  salt_hco3017                      10148.47877460987    1.000000000000000    0.000000000000000
  salt_hco3018                      204.7917575269665    1.000000000000000    0.000000000000000
  salt_hco3019                      464.5219420247602    1.000000000000000    0.000000000000000
  salt_hco3020                      639.3719497144992    1.000000000000000    0.000000000000000
  salt_hco3021                      3726.810520962790    1.000000000000000    0.000000000000000
  salt_hco3022                      55.03559143662563    1.000000000000000    0.000000000000000
  salt_hco3023                      982.7982967852989    1.000000000000000    0.000000000000000
  salt_hco3024                      104.9490946724133    1.000000000000000    0.000000000000000
  salt_hco3025                      107.7230249362201    1.000000000000000    0.000000000000000
  salt_hco3026                      82.73838116450560    1.000000000000000    0.000000000000000
  salt_hco3027                      91.05043067669972    1.000000000000000    0.000000000000000
  salt_hco3028                      83.94452104330199    1.000000000000000    0.000000000000000
  salt_hco3029                      106.8465252223506    1.000000000000000    0.000000000000000
  salt_hco3030                      162.4896486266403    1.000000000000000    0.000000000000000
  salt_hco3031                      134.4209446372890    1.000000000000000    0.000000000000000
  salt_hco3032                      329.2629757538173    1.000000000000000    0.000000000000000
  salt_hco3033                      1205.038295444798    1.000000000000000    0.000000000000000
  salt_hco3034                      200.7049743623491    1.000000000000000    0.000000000000000
  salt_hco3035                      184.1315647122673    1.000000000000000    0.000000000000000
  salt_hco3036                      1085.318089384433    1.000000000000000    0.000000000000000
     salt_k000                      3.822609385779404    1.000000000000000    0.000000000000000
     salt_k001                      2.964572711553905    1.000000000000000    0.000000000000000
     salt_k002                      0.9220668478875108    1.000000000000000    0.000000000000000
     salt_k003                      2.040171498809809    1.000000000000000    0.000000000000000
     salt_k004                      1.203350657370780    1.000000000000000    0.000000000000000
     salt_k005                      2.602318800198421    1.000000000000000    0.000000000000000
     salt_k006                      0.9583184304338970    1.000000000000000    0.000000000000000
     salt_k007                      1.031864521998784    1.000000000000000    0.000000000000000
     salt_k008                      5.629927463285147    1.000000000000000    0.000000000000000
     salt_k009                      2.518540542129567    1.000000000000000    0.000000000000000
     salt_k010                      0.4481867983408604    1.000000000000000    0.000000000000000
     salt_k011                      6.758237973338758    1.000000000000000    0.000000000000000
     salt_k012                      1.546081453291520    1.000000000000000    0.000000000000000
     salt_k013                      2.992656645015424    1.000000000000000    0.000000000000000
     salt_k014                      3.788734290546969    1.000000000000000    0.000000000000000
     salt_k015                      8.618113709805531    1.000000000000000    0.000000000000000
     salt_k016                      0.8502981077751505    1.000000000000000    0.000000000000000
     salt_k017                      1.634757043022620    1.000000000000000    0.000000000000000
     salt_k018                      1.975529004216674    1.000000000000000    0.000000000000000
     salt_k019                      1.552628784305468    1.000000000000000    0.000000000000000
     salt_k020                      1.599006672017282    1.000000000000000    0.000000000000000
     salt_k021                      2.748271399359646    1.000000000000000    0.000000000000000
     salt_k022                      1.885409096290153    1.000000000000000    0.000000000000000
     salt_k023                      2.676195294420829    1.000000000000000    0.000000000000000
     salt_k024                      5.758579321389626    1.000000000000000    0.000000000000000
     salt_k025                      9.269834033786195    1.000000000000000    0.000000000000000
     salt_k026                      0.9085450970145043    1.000000000000000    0.000000000000000
     salt_k027                      0.9861028726665665    1.000000000000000    0.000000000000000
     salt_k028                      0.5861068265129682    1.000000000000000    0.000000000000000
     salt_k029                      7.454685770943740    1.000000000000000    0.000000000000000
     salt_k030                      2.742737941903178    1.000000000000000    0.000000000000000
     salt_k031                      1.551240830906100    1.000000000000000    0.000000000000000
     salt_k032                      2.929986718342463    1.000000000000000    0.000000000000000
     salt_k033                      0.4345023162943328    1.000000000000000    0.000000000000000
     salt_k034                      2.542662009441591    1.000000000000000    0.000000000000000
     salt_k035                      1.916043825000097    1.000000000000000    0.000000000000000
     salt_k036                      1.247504994798962    1.000000000000000    0.000000000000000
    salt_mg000                      19.09698767507307    1.000000000000000    0.000000000000000
    salt_mg001                      7.773628974989832    1.000000000000000    0.000000000000000
    salt_mg002                      4.071152751214964    1.000000000000000    0.000000000000000
    salt_mg003                      26.65311924939405    1.000000000000000    0.000000000000000
    salt_mg004                      37.67406790917829    1.000000000000000    0.000000000000000
    salt_mg005                      56.64356523288239    1.000000000000000    0.000000000000000
    salt_mg006                      43.81870965867167    1.000000000000000    0.000000000000000
    salt_mg007                      8.457220089501293    1.000000000000000    0.000000000000000
    salt_mg008                      12.70595885291862    1.000000000000000    0.000000000000000
    salt_mg009                      39.42872528911092    1.000000000000000    0.000000000000000
    salt_mg010                      2.397051296674448    1.000000000000000    0.000000000000000
    salt_mg011                      25.58909091404259    1.000000000000000    0.000000000000000
    salt_mg012                      12.44106673968087    1.000000000000000    0.000000000000000
    salt_mg013                      8.803600900945650    1.000000000000000    0.000000000000000
    salt_mg014                      3.324930102832821    1.000000000000000    0.000000000000000
    salt_mg015                      60.07274757994811    1.000000000000000    0.000000000000000
    salt_mg016                      20.85703029902956    1.000000000000000    0.000000000000000
    salt_mg017                      49.73131927613271    1.000000000000000    0.000000000000000
    salt_mg018                      54.60927898039293    1.000000000000000    0.000000000000000
    salt_mg019                      5.494470534989498    1.000000000000000    0.000000000000000
    salt_mg020                      6.321429309902709    1.000000000000000    0.000000000000000
    salt_mg021                      13.32007908180388    1.000000000000000    0.000000000000000
    salt_mg022                      5.423219953852708    1.000000000000000    0.000000000000000
    salt_mg023                      13.08362095115930    1.000000000000000    0.000000000000000
    salt_mg024                      15.45455648669124    1.000000000000000    0.000000000000000
    salt_mg025                      40.46759972643278    1.000000000000000    0.000000000000000
    salt_mg026                      77.71767846188030    1.000000000000000    0.000000000000000
    salt_mg027                      8.423616197603888    1.000000000000000    0.000000000000000
    salt_mg028                      402.4667888390952    1.000000000000000    0.000000000000000
    salt_mg029                      4.042933114744324    1.000000000000000    0.000000000000000
    salt_mg030                      50.36461877471428    1.000000000000000    0.000000000000000
    salt_mg031                      8.061980043535442    1.000000000000000    0.000000000000000
    salt_mg032                      5.170772423867229    1.000000000000000    0.000000000000000
    salt_mg033                      84.70023097804030    1.000000000000000    0.000000000000000
    salt_mg034                      12.94678179891309    1.000000000000000    0.000000000000000
    salt_mg035                      17.27489415878281    1.000000000000000    0.000000000000000
    salt_mg036                      39.64052667582700    1.000000000000000    0.000000000000000
    salt_na000                      157.2654264411483    1.000000000000000    0.000000000000000
    salt_na001                      77.36812854211249    1.000000000000000    0.000000000000000
    salt_na002                      68.45290701749971    1.000000000000000    0.000000000000000
    salt_na003                      177.2746643427302    1.000000000000000    0.000000000000000
    salt_na004                      253.8592137831285    1.000000000000000    0.000000000000000
    salt_na005                      571.2465339250192    1.000000000000000    0.000000000000000
    salt_na006                      144.8244701450029    1.000000000000000    0.000000000000000
    salt_na007                      254.0631528988954    1.000000000000000    0.000000000000000
    salt_na008                      259.3033807787820    1.000000000000000    0.000000000000000
    salt_na009                      133.1899682648379    1.000000000000000    0.000000000000000
    salt_na010                      242.0130610597031    1.000000000000000    0.000000000000000
    salt_na011                      105.1245881216533    1.000000000000000    0.000000000000000
    salt_na012                      256.3213305436743    1.000000000000000    0.000000000000000
    salt_na013                      227.8547501723496    1.000000000000000    0.000000000000000
    salt_na014                      328.1241386482691    1.000000000000000    0.000000000000000
    salt_na015                      123.5983830462132    1.000000000000000    0.000000000000000
    salt_na016                      115.1412382914164    1.000000000000000    0.000000000000000
    salt_na017                      134.3456270811910    1.000000000000000    0.000000000000000
    salt_na018                      195.6154345219049    1.000000000000000    0.000000000000000
    salt_na019                      136.6042760593881    1.000000000000000    0.000000000000000
    salt_na020                      41.91221605549379    1.000000000000000    0.000000000000000
    salt_na021                      66.21892828860582    1.000000000000000    0.000000000000000
    salt_na022                      72.85406801948345    1.000000000000000    0.000000000000000
    salt_na023                      496.7772990579401    1.000000000000000    0.000000000000000
    salt_na024                      71.27738716302635    1.000000000000000    0.000000000000000
    salt_na025                      134.3256687177688    1.000000000000000    0.000000000000000
    salt_na026                      358.5403636489614    1.000000000000000    0.000000000000000
    salt_na027                      274.0338193932712    1.000000000000000    0.000000000000000
    salt_na028                      45.53845508410899    1.000000000000000    0.000000000000000
    salt_na029                      296.5435244012133    1.000000000000000    0.000000000000000
    salt_na030                      267.9576880740226    1.000000000000000    0.000000000000000
    salt_na031                      182.2723565703839    1.000000000000000    0.000000000000000
    salt_na032                      126.3085860832765    1.000000000000000    0.000000000000000
    salt_na033                      326.3544527225710    1.000000000000000    0.000000000000000
    salt_na034                      122.0970782787183    1.000000000000000    0.000000000000000
    salt_na035                      37.12018653924222    1.000000000000000    0.000000000000000
    salt_na036                      43.44602393766015    1.000000000000000    0.000000000000000
   salt_so4000                      702.8580384574134    1.000000000000000    0.000000000000000
   salt_so4001                      99.53620400938050    1.000000000000000    0.000000000000000
   salt_so4002                      493.7680287299015    1.000000000000000    0.000000000000000
   salt_so4003                      486.6753998731866    1.000000000000000    0.000000000000000
   salt_so4004                      453.4544509166720    1.000000000000000    0.000000000000000
   salt_so4005                      315.4968452510200    1.000000000000000    0.000000000000000
   salt_so4006                      56.39067807050451    1.000000000000000    0.000000000000000
   salt_so4007                      143.4576618577471    1.000000000000000    0.000000000000000
   salt_so4008                      1028.393679135691    1.000000000000000    0.000000000000000
   salt_so4009                      1639.461933485604    1.000000000000000    0.000000000000000
   salt_so4010                      73.71412550364572    1.000000000000000    0.000000000000000
   salt_so4011                      146.7713794740291    1.000000000000000    0.000000000000000
   salt_so4012                      291.4164692290433    1.000000000000000    0.000000000000000
   salt_so4013                      239.1897866570141    1.000000000000000    0.000000000000000
   salt_so4014                      147.1573486485458    1.000000000000000    0.000000000000000
   salt_so4015                      330.7239727507109    1.000000000000000    0.000000000000000
   salt_so4016                      177.4587098150446    1.000000000000000    0.000000000000000
   salt_so4017                      3172.179997722009    1.000000000000000    0.000000000000000
   salt_so4018                      230.4146242390481    1.000000000000000    0.000000000000000
   salt_so4019                      1355.108556427225    1.000000000000000    0.000000000000000
   salt_so4020                      65.78528026682585    1.000000000000000    0.000000000000000
   salt_so4021                      242.9770912080814    1.000000000000000    0.000000000000000
   salt_so4022                      105.8872634658127    1.000000000000000    0.000000000000000
   salt_so4023                      394.3022583944346    1.000000000000000    0.000000000000000
   salt_so4024                      150.9365431551763    1.000000000000000    0.000000000000000
   salt_so4025                      49.60996092445525    1.000000000000000    0.000000000000000
   salt_so4026                      103.6209375155837    1.000000000000000    0.000000000000000
   salt_so4027                      522.8452766225403    1.000000000000000    0.000000000000000
   salt_so4028                      401.3132111985046    1.000000000000000    0.000000000000000
   salt_so4029                      147.5750251590384    1.000000000000000    0.000000000000000
   salt_so4030                      208.5143104892834    1.000000000000000    0.000000000000000
   salt_so4031                      21.50580615107987    1.000000000000000    0.000000000000000
   salt_so4032                      544.3006029338281    1.000000000000000    0.000000000000000
   salt_so4033                      343.4234631114965    1.000000000000000    0.000000000000000
   salt_so4034                      96.25962426744348    1.000000000000000    0.000000000000000
   salt_so4035                      17.16120695003105    1.000000000000000    0.000000000000000
   salt_so4036                      57.99545555566777    1.000000000000000    0.000000000000000
