single point
    aquf_caco3                      7.071699542096717e-06    1.000000000000000    0.000000000000000
    aquf_caso4                      6.479199462239881e-06    1.000000000000000    0.000000000000000
    aquf_mgso4                      1.365170678939310e-05    1.000000000000000    0.000000000000000
   soil_caco_h                      25.05920053326883    1.000000000000000    0.000000000000000
   soil_caco_l                      12.70891264431145    1.000000000000000    0.000000000000000
   soil_caco_m                      15.93337356379383    1.000000000000000    0.000000000000000
  soil_caco_mh                      17.69185353679359    1.000000000000000    0.000000000000000
  soil_caco_ml                      14.54821711831033    1.000000000000000    0.000000000000000
   soil_caso_h                      4.828692470810370    1.000000000000000    0.000000000000000
   soil_caso_l                      0.1774955271408873    1.000000000000000    0.000000000000000
   soil_caso_m                      1.049275359294995    1.000000000000000    0.000000000000000
  soil_caso_mh                      2.092179665476762    1.000000000000000    0.000000000000000
  soil_caso_ml                      0.5181451985407184    1.000000000000000    0.000000000000000
           p12                      1.610000000000000    1.000000000000000    0.000000000000000
           p15                      2.000000000000000e-05    1.000000000000000    0.000000000000000
           p16                      1.450000000000000    1.000000000000000    0.000000000000000
           p17                      0.5000000000000000    1.000000000000000    0.000000000000000
           p20                      0.4000000000000000    1.000000000000000    0.000000000000000
           p23                      0.003200000000000000    1.000000000000000    0.000000000000000
           p25                      1.000000000000000e-05    1.000000000000000    0.000000000000000
           p40                      1.000000000000000    1.000000000000000    0.000000000000000
           p49                      3.170000000000000    1.000000000000000    0.000000000000000
            p5                      0.1150000000000000    1.000000000000000    0.000000000000000
           p50                      0.3000000000000000    1.000000000000000    0.000000000000000
           p51                      0.9000000000000000    1.000000000000000    0.000000000000000
           p61                      0.1150000000000000    1.000000000000000    0.000000000000000
           p90                      1.000000000000000    1.000000000000000    0.000000000000000
           p91                      0.08720000000000000    1.000000000000000    0.000000000000000
           p92                      2.000000000000000    1.000000000000000    0.000000000000000
   rivbot_rg01                      5.000000000000000    1.000000000000000   -5.000000000000000
   rivbot_rg02                      5.000000000000000    1.000000000000000   -5.000000000000000
   rivbot_rg03                      5.000000000000000    1.000000000000000   -5.000000000000000
   rivbot_rg04                      5.000000000000000    1.000000000000000   -5.000000000000000
   rivbot_rg05                      5.000000000000000    1.000000000000000   -5.000000000000000
    rivcd_rg01                      33.05813794727212    1.000000000000000   -50.00000000000000
    rivcd_rg02                      82.43289312244332    1.000000000000000   -50.00000000000000
    rivcd_rg03                      40.96181387979075    1.000000000000000   -50.00000000000000
    rivcd_rg04                      55.31076562292221    1.000000000000000   -50.00000000000000
    rivcd_rg05                      13.05471440444657    1.000000000000000   -50.00000000000000
    salt_ca000                      28.46486526810596    1.000000000000000    0.000000000000000
    salt_ca001                      275.2491578549248    1.000000000000000    0.000000000000000
    salt_ca002                      94.55330881784394    1.000000000000000    0.000000000000000
    salt_ca003                      82.43261303426605    1.000000000000000    0.000000000000000
    salt_ca004                      199.9064317567138    1.000000000000000    0.000000000000000
    salt_ca005                      142.5410551585331    1.000000000000000    0.000000000000000
    salt_ca006                      317.1106727822225    1.000000000000000    0.000000000000000
    salt_ca007                      136.1564273490956    1.000000000000000    0.000000000000000
    salt_ca008                      83.79604517781378    1.000000000000000    0.000000000000000
    salt_ca009                      68.20217530897125    1.000000000000000    0.000000000000000
    salt_ca010                      144.9092005141513    1.000000000000000    0.000000000000000
    salt_ca011                      116.3768750282342    1.000000000000000    0.000000000000000
    salt_ca012                      135.8918381076392    1.000000000000000    0.000000000000000
    salt_ca013                      55.44618794840476    1.000000000000000    0.000000000000000
    salt_ca014                      138.8760376488422    1.000000000000000    0.000000000000000
    salt_ca015                      95.95607587977348    1.000000000000000    0.000000000000000
    salt_ca016                      367.7245814122894    1.000000000000000    0.000000000000000
    salt_ca017                      100.0999050640383    1.000000000000000    0.000000000000000
    salt_ca018                      58.35918004441443    1.000000000000000    0.000000000000000
    salt_ca019                      113.5261512878399    1.000000000000000    0.000000000000000
    salt_ca020                      112.2130677025536    1.000000000000000    0.000000000000000
    salt_ca021                      160.2264224251079    1.000000000000000    0.000000000000000
    salt_ca022                      134.7148884909026    1.000000000000000    0.000000000000000
    salt_ca023                      223.8850866810285    1.000000000000000    0.000000000000000
    salt_ca024                      118.2730156305891    1.000000000000000    0.000000000000000
    salt_ca025                      88.38928088446178    1.000000000000000    0.000000000000000
    salt_ca026                      204.6407836473893    1.000000000000000    0.000000000000000
    salt_ca027                      119.7671635131645    1.000000000000000    0.000000000000000
    salt_ca028                      54.32022503823660    1.000000000000000    0.000000000000000
    salt_ca029                      98.55659339885923    1.000000000000000    0.000000000000000
    salt_ca030                      152.1680896986502    1.000000000000000    0.000000000000000
    salt_ca031                      112.2876921399665    1.000000000000000    0.000000000000000
    salt_ca032                      33.16214115318433    1.000000000000000    0.000000000000000
    salt_ca033                      151.9360928495670    1.000000000000000    0.000000000000000
    salt_ca034                      142.7669872061460    1.000000000000000    0.000000000000000
    salt_ca035                      53.44664752238863    1.000000000000000    0.000000000000000
    salt_ca036                      172.1612648759598    1.000000000000000    0.000000000000000
    salt_cl000                      177.4149795232142    1.000000000000000    0.000000000000000
    salt_cl001                      286.6000435956699    1.000000000000000    0.000000000000000
    salt_cl002                      340.1581630672691    1.000000000000000    0.000000000000000
    salt_cl003                      77.15916394974221    1.000000000000000    0.000000000000000
    salt_cl004                      230.5125659091697    1.000000000000000    0.000000000000000
    salt_cl005                      128.6663792459155    1.000000000000000    0.000000000000000
    salt_cl006                      97.39106450779363    1.000000000000000    0.000000000000000
    salt_cl007                      292.7026498085955    1.000000000000000    0.000000000000000
    salt_cl008                      161.1163997458023    1.000000000000000    0.000000000000000
    salt_cl009                      189.5315744046421    1.000000000000000    0.000000000000000
    salt_cl010                      117.5543977733086    1.000000000000000    0.000000000000000
    salt_cl011                      289.3199660814298    1.000000000000000    0.000000000000000
    salt_cl012                      90.63758171678587    1.000000000000000    0.000000000000000
    salt_cl013                      112.1946702034714    1.000000000000000    0.000000000000000
    salt_cl014                      113.2834203804682    1.000000000000000    0.000000000000000
    salt_cl015                      362.1425519672994    1.000000000000000    0.000000000000000
    salt_cl016                      80.76209547447816    1.000000000000000    0.000000000000000
    salt_cl017                      65.67558538044946    1.000000000000000    0.000000000000000
    salt_cl018                      84.08521145894130    1.000000000000000    0.000000000000000
    salt_cl019                      434.5942982970063    1.000000000000000    0.000000000000000
    salt_cl020                      65.22453351095093    1.000000000000000    0.000000000000000
    salt_cl021                      109.3832743274667    1.000000000000000    0.000000000000000
    salt_cl022                      96.92070057310208    1.000000000000000    0.000000000000000
    salt_cl023                      348.7377014890080    1.000000000000000    0.000000000000000
    salt_cl024                      99.94733706541187    1.000000000000000    0.000000000000000
    salt_cl025                      250.8888305644284    1.000000000000000    0.000000000000000
    salt_cl026                      60.57553272452505    1.000000000000000    0.000000000000000
    salt_cl027                      285.1515827503555    1.000000000000000    0.000000000000000
    salt_cl028                      136.2885397225981    1.000000000000000    0.000000000000000
    salt_cl029                      62.42025868033826    1.000000000000000    0.000000000000000
    salt_cl030                      80.21181094080201    1.000000000000000    0.000000000000000
    salt_cl031                      296.2548744568583    1.000000000000000    0.000000000000000
    salt_cl032                      164.4050893362362    1.000000000000000    0.000000000000000
    salt_cl033                      88.89879541870087    1.000000000000000    0.000000000000000
    salt_cl034                      217.2742912967515    1.000000000000000    0.000000000000000
    salt_cl035                      131.6995932637374    1.000000000000000    0.000000000000000
    salt_cl036                      209.6207955324752    1.000000000000000    0.000000000000000
   salt_co3000                      3.665554120530058    1.000000000000000    0.000000000000000
   salt_co3001                      5.810810610657200    1.000000000000000    0.000000000000000
   salt_co3002                      2.223363041583933    1.000000000000000    0.000000000000000
   salt_co3003                      5.710407244808173    1.000000000000000    0.000000000000000
   salt_co3004                      4.184953742784475    1.000000000000000    0.000000000000000
   salt_co3005                      3.043681410118212    1.000000000000000    0.000000000000000
   salt_co3006                      2.310318408714064    1.000000000000000    0.000000000000000
   salt_co3007                      3.043328202050986    1.000000000000000    0.000000000000000
   salt_co3008                      9.892974655611049    1.000000000000000    0.000000000000000
   salt_co3009                      3.356836576744050    1.000000000000000    0.000000000000000
   salt_co3010                      4.326876340796733    1.000000000000000    0.000000000000000
   salt_co3011                      5.135394030049068    1.000000000000000    0.000000000000000
   salt_co3012                      3.911447813491566    1.000000000000000    0.000000000000000
   salt_co3013                      11.90815867054132    1.000000000000000    0.000000000000000
   salt_co3014                      2.543651664844572    1.000000000000000    0.000000000000000
   salt_co3015                      8.880388515466368    1.000000000000000    0.000000000000000
   salt_co3016                      5.302176771329582    1.000000000000000    0.000000000000000
   salt_co3017                      4.518184653687018    1.000000000000000    0.000000000000000
   salt_co3018                      7.478246336569325    1.000000000000000    0.000000000000000
   salt_co3019                      9.417278343499586    1.000000000000000    0.000000000000000
   salt_co3020                      1.696790090326032    1.000000000000000    0.000000000000000
   salt_co3021                      1.054133964138826    1.000000000000000    0.000000000000000
   salt_co3022                      2.880071068627727    1.000000000000000    0.000000000000000
   salt_co3023                      5.545553331394359    1.000000000000000    0.000000000000000
   salt_co3024                      6.076269418651958    1.000000000000000    0.000000000000000
   salt_co3025                      2.598396144254642    1.000000000000000    0.000000000000000
   salt_co3026                      1.061317416291348    1.000000000000000    0.000000000000000
   salt_co3027                      4.556698418078986    1.000000000000000    0.000000000000000
   salt_co3028                      2.951554269448530    1.000000000000000    0.000000000000000
   salt_co3029                      1.127798718101185    1.000000000000000    0.000000000000000
   salt_co3030                      6.186754883826899    1.000000000000000    0.000000000000000
   salt_co3031                      8.996652163473016    1.000000000000000    0.000000000000000
   salt_co3032                      11.39079309325979    1.000000000000000    0.000000000000000
   salt_co3033                      2.854915714428704    1.000000000000000    0.000000000000000
   salt_co3034                      4.043077168745390    1.000000000000000    0.000000000000000
   salt_co3035                      10.86773404557100    1.000000000000000    0.000000000000000
   salt_co3036                      1.671114004954343    1.000000000000000    0.000000000000000
  salt_hco3000                      524.0677098633597    1.000000000000000    0.000000000000000
  salt_hco3001                      154.8665606745991    1.000000000000000    0.000000000000000
  salt_hco3002                      195.1539921575962    1.000000000000000    0.000000000000000
  salt_hco3003                      173.0249856146913    1.000000000000000    0.000000000000000
  salt_hco3004                      518.8487600468605    1.000000000000000    0.000000000000000
  salt_hco3005                      667.0151593452558    1.000000000000000    0.000000000000000
  salt_hco3006                      77.35746820780741    1.000000000000000    0.000000000000000
  salt_hco3007                      162.1782808105952    1.000000000000000    0.000000000000000
  salt_hco3008                      182.3982315237560    1.000000000000000    0.000000000000000
  salt_hco3009                      1102.095494582195    1.000000000000000    0.000000000000000
  salt_hco3010                      553.8277890513867    1.000000000000000    0.000000000000000
  salt_hco3011                      107.2543002905491    1.000000000000000    0.000000000000000
  salt_hco3012                      583.0480207520380    1.000000000000000    0.000000000000000
  salt_hco3013                      166.4290412502020    1.000000000000000    0.000000000000000
  salt_hco3014                      149.2728023702094    1.000000000000000    0.000000000000000
  salt_hco3015                      204.8292191526924    1.000000000000000    0.000000000000000
  salt_hco3016                      702.5666760830849    1.000000000000000    0.000000000000000
  salt_hco3017                      1881.475640927039    1.000000000000000    0.000000000000000
  salt_hco3018                      264.4136899261559    1.000000000000000    0.000000000000000
  salt_hco3019                      312.3111235492990    1.000000000000000    0.000000000000000
  salt_hco3020                      525.9675994299066    1.000000000000000    0.000000000000000
  salt_hco3021                      1452.590259912895    1.000000000000000    0.000000000000000
  salt_hco3022                      88.51193548565921    1.000000000000000    0.000000000000000
  salt_hco3023                      1021.637711957458    1.000000000000000    0.000000000000000
  salt_hco3024                      412.8947086865547    1.000000000000000    0.000000000000000
  salt_hco3025                      410.7486376330399    1.000000000000000    0.000000000000000
  salt_hco3026                      148.7291035070115    1.000000000000000    0.000000000000000
  salt_hco3027                      225.1583727696783    1.000000000000000    0.000000000000000
  salt_hco3028                      134.2245182798632    1.000000000000000    0.000000000000000
  salt_hco3029                      103.1771016262100    1.000000000000000    0.000000000000000
  salt_hco3030                      140.1973417833311    1.000000000000000    0.000000000000000
  salt_hco3031                      269.6937529186897    1.000000000000000    0.000000000000000
  salt_hco3032                      414.4322109488516    1.000000000000000    0.000000000000000
  salt_hco3033                      536.6044870507575    1.000000000000000    0.000000000000000
  salt_hco3034                      664.4749872860828    1.000000000000000    0.000000000000000
  salt_hco3035                      225.1811983371083    1.000000000000000    0.000000000000000
  salt_hco3036                      433.9605548111408    1.000000000000000    0.000000000000000
     salt_k000                      2.469314041090468    1.000000000000000    0.000000000000000
     salt_k001                      2.674467672530638    1.000000000000000    0.000000000000000
     salt_k002                      1.929161068254024    1.000000000000000    0.000000000000000
     salt_k003                      0.9993817814298432    1.000000000000000    0.000000000000000
     salt_k004                      0.8772244510900900    1.000000000000000    0.000000000000000
     salt_k005                      3.306405499655166    1.000000000000000    0.000000000000000
     salt_k006                      0.7144762683883300    1.000000000000000    0.000000000000000
     salt_k007                      1.320667461138613    1.000000000000000    0.000000000000000
     salt_k008                      3.169174211565614    1.000000000000000    0.000000000000000
     salt_k009                      0.9207127428455050    1.000000000000000    0.000000000000000
     salt_k010                      1.052179934552125    1.000000000000000    0.000000000000000
     salt_k011                      4.758783695869812    1.000000000000000    0.000000000000000
     salt_k012                      3.515139293259559    1.000000000000000    0.000000000000000
     salt_k013                      2.305030201345242    1.000000000000000    0.000000000000000
     salt_k014                      1.075126844799731    1.000000000000000    0.000000000000000
     salt_k015                      3.364942896015346    1.000000000000000    0.000000000000000
     salt_k016                      0.6586830462720304    1.000000000000000    0.000000000000000
     salt_k017                      2.532475525688257    1.000000000000000    0.000000000000000
     salt_k018                      1.035579859805752    1.000000000000000    0.000000000000000
     salt_k019                      1.578969141654909    1.000000000000000    0.000000000000000
     salt_k020                      0.8864489362507066    1.000000000000000    0.000000000000000
     salt_k021                      2.711127104863495    1.000000000000000    0.000000000000000
     salt_k022                      3.149754244787536    1.000000000000000    0.000000000000000
     salt_k023                      4.225271140844361    1.000000000000000    0.000000000000000
     salt_k024                      2.480504877993347    1.000000000000000    0.000000000000000
     salt_k025                      4.711683172964967    1.000000000000000    0.000000000000000
     salt_k026                      3.426557682221016    1.000000000000000    0.000000000000000
     salt_k027                      2.026533240437262    1.000000000000000    0.000000000000000
     salt_k028                      0.8481225678482952    1.000000000000000    0.000000000000000
     salt_k029                      2.232038531384969    1.000000000000000    0.000000000000000
     salt_k030                      2.782071797704483    1.000000000000000    0.000000000000000
     salt_k031                      3.581563590456981    1.000000000000000    0.000000000000000
     salt_k032                      4.371821091385526    1.000000000000000    0.000000000000000
     salt_k033                      0.7685421689756079    1.000000000000000    0.000000000000000
     salt_k034                      3.198471983853853    1.000000000000000    0.000000000000000
     salt_k035                      1.709246840556495    1.000000000000000    0.000000000000000
     salt_k036                      2.405578480405327    1.000000000000000    0.000000000000000
    salt_mg000                      10.36382948331920    1.000000000000000    0.000000000000000
    salt_mg001                      10.05608044997418    1.000000000000000    0.000000000000000
    salt_mg002                      4.392327061252566    1.000000000000000    0.000000000000000
    salt_mg003                      33.07056073923104    1.000000000000000    0.000000000000000
    salt_mg004                      10.99779752162896    1.000000000000000    0.000000000000000
    salt_mg005                      14.48671747890465    1.000000000000000    0.000000000000000
    salt_mg006                      16.80329052964847    1.000000000000000    0.000000000000000
    salt_mg007                      7.618470117617846    1.000000000000000    0.000000000000000
    salt_mg008                      8.828132825697686    1.000000000000000    0.000000000000000
    salt_mg009                      29.29311845009024    1.000000000000000    0.000000000000000
    salt_mg010                      5.789942266062557    1.000000000000000    0.000000000000000
    salt_mg011                      41.29651163035098    1.000000000000000    0.000000000000000
    salt_mg012                      13.40685892082360    1.000000000000000    0.000000000000000
    salt_mg013                      11.05464404091848    1.000000000000000    0.000000000000000
    salt_mg014                      8.301585952572500    1.000000000000000    0.000000000000000
    salt_mg015                      34.14662051471726    1.000000000000000    0.000000000000000
    salt_mg016                      23.96229093042013    1.000000000000000    0.000000000000000
    salt_mg017                      33.09156336504437    1.000000000000000    0.000000000000000
    salt_mg018                      10.37824004768480    1.000000000000000    0.000000000000000
    salt_mg019                      12.63932639172532    1.000000000000000    0.000000000000000
    salt_mg020                      14.26126730859395    1.000000000000000    0.000000000000000
    salt_mg021                      28.69971562741566    1.000000000000000    0.000000000000000
    salt_mg022                      8.404753768545252    1.000000000000000    0.000000000000000
    salt_mg023                      19.28629985880969    1.000000000000000    0.000000000000000
    salt_mg024                      12.99278454263468    1.000000000000000    0.000000000000000
    salt_mg025                      20.85666817734807    1.000000000000000    0.000000000000000
    salt_mg026                      24.42391841291939    1.000000000000000    0.000000000000000
    salt_mg027                      8.881777063485046    1.000000000000000    0.000000000000000
    salt_mg028                      56.88204206574548    1.000000000000000    0.000000000000000
    salt_mg029                      4.777436433557874    1.000000000000000    0.000000000000000
    salt_mg030                      24.68128996106375    1.000000000000000    0.000000000000000
    salt_mg031                      16.32945498982334    1.000000000000000    0.000000000000000
    salt_mg032                      22.93110218541960    1.000000000000000    0.000000000000000
    salt_mg033                      66.20259159605730    1.000000000000000    0.000000000000000
    salt_mg034                      8.331839376888523    1.000000000000000    0.000000000000000
    salt_mg035                      20.96792654644362    1.000000000000000    0.000000000000000
    salt_mg036                      35.11553490685638    1.000000000000000    0.000000000000000
    salt_na000                      131.2790018101624    1.000000000000000    0.000000000000000
    salt_na001                      296.8695668034028    1.000000000000000    0.000000000000000
    salt_na002                      110.9774329915937    1.000000000000000    0.000000000000000
    salt_na003                      137.7024928982939    1.000000000000000    0.000000000000000
    salt_na004                      225.0228726101127    1.000000000000000    0.000000000000000
    salt_na005                      295.3144487671761    1.000000000000000    0.000000000000000
    salt_na006                      203.2919860915091    1.000000000000000    0.000000000000000
    salt_na007                      249.4760766974499    1.000000000000000    0.000000000000000
    salt_na008                      217.0279452389036    1.000000000000000    0.000000000000000
    salt_na009                      82.42178049706156    1.000000000000000    0.000000000000000
    salt_na010                      264.9227210036791    1.000000000000000    0.000000000000000
    salt_na011                      310.9640703046840    1.000000000000000    0.000000000000000
    salt_na012                      165.5976031158814    1.000000000000000    0.000000000000000
    salt_na013                      193.7463894998977    1.000000000000000    0.000000000000000
    salt_na014                      169.1077364290117    1.000000000000000    0.000000000000000
    salt_na015                      202.7259296448125    1.000000000000000    0.000000000000000
    salt_na016                      103.4057017943462    1.000000000000000    0.000000000000000
    salt_na017                      171.5334832728086    1.000000000000000    0.000000000000000
    salt_na018                      117.9739935190301    1.000000000000000    0.000000000000000
    salt_na019                      267.0050338009935    1.000000000000000    0.000000000000000
    salt_na020                      148.8590877826783    1.000000000000000    0.000000000000000
    salt_na021                      208.9200886009485    1.000000000000000    0.000000000000000
    salt_na022                      108.2472350055019    1.000000000000000    0.000000000000000
    salt_na023                      480.7767248659512    1.000000000000000    0.000000000000000
    salt_na024                      82.49247711922395    1.000000000000000    0.000000000000000
    salt_na025                      169.2443635360806    1.000000000000000    0.000000000000000
    salt_na026                      319.7609520108423    1.000000000000000    0.000000000000000
    salt_na027                      213.1920026611326    1.000000000000000    0.000000000000000
    salt_na028                      78.77806588972524    1.000000000000000    0.000000000000000
    salt_na029                      364.9405750777696    1.000000000000000    0.000000000000000
    salt_na030                      118.2905780562814    1.000000000000000    0.000000000000000
    salt_na031                      219.9526815374429    1.000000000000000    0.000000000000000
    salt_na032                      232.5889929309179    1.000000000000000    0.000000000000000
    salt_na033                      236.0037220483001    1.000000000000000    0.000000000000000
    salt_na034                      233.8881628836324    1.000000000000000    0.000000000000000
    salt_na035                      90.90549769903494    1.000000000000000    0.000000000000000
    salt_na036                      65.00463493446220    1.000000000000000    0.000000000000000
   salt_so4000                      501.4250988719907    1.000000000000000    0.000000000000000
   salt_so4001                      236.3359530184979    1.000000000000000    0.000000000000000
   salt_so4002                      1152.195828521376    1.000000000000000    0.000000000000000
   salt_so4003                      231.5468073107700    1.000000000000000    0.000000000000000
   salt_so4004                      425.8366639980993    1.000000000000000    0.000000000000000
   salt_so4005                      198.8829527342706    1.000000000000000    0.000000000000000
   salt_so4006                      102.2195611596260    1.000000000000000    0.000000000000000
   salt_so4007                      328.2056694466827    1.000000000000000    0.000000000000000
   salt_so4008                      471.8358970348884    1.000000000000000    0.000000000000000
   salt_so4009                      652.5288545270395    1.000000000000000    0.000000000000000
   salt_so4010                      144.1921125978924    1.000000000000000    0.000000000000000
   salt_so4011                      221.9428597624918    1.000000000000000    0.000000000000000
   salt_so4012                      487.3704613850581    1.000000000000000    0.000000000000000
   salt_so4013                      176.6448198658560    1.000000000000000    0.000000000000000
   salt_so4014                      166.1742744083899    1.000000000000000    0.000000000000000
   salt_so4015                      257.6708282303147    1.000000000000000    0.000000000000000
   salt_so4016                      140.4792710268391    1.000000000000000    0.000000000000000
   salt_so4017                      966.3060548793602    1.000000000000000    0.000000000000000
   salt_so4018                      374.5015682913346    1.000000000000000    0.000000000000000
   salt_so4019                      373.5736503682913    1.000000000000000    0.000000000000000
   salt_so4020                      213.3818311109712    1.000000000000000    0.000000000000000
   salt_so4021                      184.4182345750503    1.000000000000000    0.000000000000000
   salt_so4022                      410.5451939332521    1.000000000000000    0.000000000000000
   salt_so4023                      422.7687242871750    1.000000000000000    0.000000000000000
   salt_so4024                      228.1139588088257    1.000000000000000    0.000000000000000
   salt_so4025                      160.1372954642966    1.000000000000000    0.000000000000000
   salt_so4026                      362.8614517971013    1.000000000000000    0.000000000000000
   salt_so4027                      347.1004194587352    1.000000000000000    0.000000000000000
   salt_so4028                      247.1049495895737    1.000000000000000    0.000000000000000
   salt_so4029                      302.3760249919208    1.000000000000000    0.000000000000000
   salt_so4030                      301.7345090877052    1.000000000000000    0.000000000000000
   salt_so4031                      34.34952153031814    1.000000000000000    0.000000000000000
   salt_so4032                      215.1812118337608    1.000000000000000    0.000000000000000
   salt_so4033                      320.3292969500220    1.000000000000000    0.000000000000000
   salt_so4034                      202.5592690273975    1.000000000000000    0.000000000000000
   salt_so4035                      39.21734926676353    1.000000000000000    0.000000000000000
   salt_so4036                      261.4111471719374    1.000000000000000    0.000000000000000
