single point
    aquf_caco3                      6.059470323652059e-05    1.000000000000000    0.000000000000000
    aquf_caso4                      9.180311767894401e-07    1.000000000000000    0.000000000000000
    aquf_mgso4                      3.857914108106227e-05    1.000000000000000    0.000000000000000
   soil_caco_h                      24.60729570723861    1.000000000000000    0.000000000000000
   soil_caco_l                      12.53549239510215    1.000000000000000    0.000000000000000
   soil_caco_m                      15.98963808341820    1.000000000000000    0.000000000000000
  soil_caco_mh                      18.01014298399953    1.000000000000000    0.000000000000000
  soil_caco_ml                      14.60152491836003    1.000000000000000    0.000000000000000
   soil_caso_h                      4.915484594570541    1.000000000000000    0.000000000000000
   soil_caso_l                      0.1884759351909263    1.000000000000000    0.000000000000000
   soil_caso_m                      1.096726799340823    1.000000000000000    0.000000000000000
  soil_caso_mh                      2.226399108611023    1.000000000000000    0.000000000000000
  soil_caso_ml                      0.5238488015313314    1.000000000000000    0.000000000000000
           p12                      1.610000000000000    1.000000000000000    0.000000000000000
           p15                      2.000000000000000e-05    1.000000000000000    0.000000000000000
           p16                      1.450000000000000    1.000000000000000    0.000000000000000
           p17                      0.5000000000000000    1.000000000000000    0.000000000000000
           p20                      0.4000000000000000    1.000000000000000    0.000000000000000
           p23                      0.003200000000000000    1.000000000000000    0.000000000000000
           p25                      1.000000000000000e-05    1.000000000000000    0.000000000000000
           p40                      1.000000000000000    1.000000000000000    0.000000000000000
           p49                      3.170000000000000    1.000000000000000    0.000000000000000
            p5                      0.1150000000000000    1.000000000000000    0.000000000000000
           p50                      0.3000000000000000    1.000000000000000    0.000000000000000
           p51                      0.9000000000000000    1.000000000000000    0.000000000000000
           p61                      0.1150000000000000    1.000000000000000    0.000000000000000
           p90                      1.000000000000000    1.000000000000000    0.000000000000000
           p91                      0.08720000000000000    1.000000000000000    0.000000000000000
           p92                      2.000000000000000    1.000000000000000    0.000000000000000
   rivbot_rg01                      5.000000000000000    1.000000000000000   -5.000000000000000
   rivbot_rg02                      5.000000000000000    1.000000000000000   -5.000000000000000
   rivbot_rg03                      5.000000000000000    1.000000000000000   -5.000000000000000
   rivbot_rg04                      5.000000000000000    1.000000000000000   -5.000000000000000
   rivbot_rg05                      5.000000000000000    1.000000000000000   -5.000000000000000
    rivcd_rg01                      28.37428588583700    1.000000000000000   -50.00000000000000
    rivcd_rg02                      85.95024833674053    1.000000000000000   -50.00000000000000
    rivcd_rg03                      34.08599459370256    1.000000000000000   -50.00000000000000
    rivcd_rg04                      44.34923702282484    1.000000000000000   -50.00000000000000
    rivcd_rg05                      20.41054728639148    1.000000000000000   -50.00000000000000
    salt_ca000                      21.17352970882299    1.000000000000000    0.000000000000000
    salt_ca001                      176.8408704175924    1.000000000000000    0.000000000000000
    salt_ca002                      29.94012941237406    1.000000000000000    0.000000000000000
    salt_ca003                      295.1086664174250    1.000000000000000    0.000000000000000
    salt_ca004                      205.8291277001974    1.000000000000000    0.000000000000000
    salt_ca005                      28.42148237440138    1.000000000000000    0.000000000000000
    salt_ca006                      378.7362979090806    1.000000000000000    0.000000000000000
    salt_ca007                      178.7473605778832    1.000000000000000    0.000000000000000
    salt_ca008                      34.87167664098974    1.000000000000000    0.000000000000000
    salt_ca009                      154.4129569368108    1.000000000000000    0.000000000000000
    salt_ca010                      141.4109795361596    1.000000000000000    0.000000000000000
    salt_ca011                      113.6569166508152    1.000000000000000    0.000000000000000
    salt_ca012                      99.58950196335445    1.000000000000000    0.000000000000000
    salt_ca013                      84.83379186015313    1.000000000000000    0.000000000000000
    salt_ca014                      213.6452449521364    1.000000000000000    0.000000000000000
    salt_ca015                      148.6272779381524    1.000000000000000    0.000000000000000
    salt_ca016                      712.2643702193581    1.000000000000000    0.000000000000000
    salt_ca017                      437.6129047561406    1.000000000000000    0.000000000000000
    salt_ca018                      89.09897002471354    1.000000000000000    0.000000000000000
    salt_ca019                      54.34377437564447    1.000000000000000    0.000000000000000
    salt_ca020                      56.98321624987126    1.000000000000000    0.000000000000000
    salt_ca021                      1121.041318124056    1.000000000000000    0.000000000000000
    salt_ca022                      223.0715886865601    1.000000000000000    0.000000000000000
    salt_ca023                      254.5499374965918    1.000000000000000    0.000000000000000
    salt_ca024                      85.75173128599835    1.000000000000000    0.000000000000000
    salt_ca025                      110.7490212451781    1.000000000000000    0.000000000000000
    salt_ca026                      498.6353510894477    1.000000000000000    0.000000000000000
    salt_ca027                      171.8154660565156    1.000000000000000    0.000000000000000
    salt_ca028                      14.83668069277972    1.000000000000000    0.000000000000000
    salt_ca029                      141.7081058202740    1.000000000000000    0.000000000000000
    salt_ca030                      51.08133900378581    1.000000000000000    0.000000000000000
    salt_ca031                      172.6789355763892    1.000000000000000    0.000000000000000
    salt_ca032                      75.18783373822480    1.000000000000000    0.000000000000000
    salt_ca033                      140.1489273860919    1.000000000000000    0.000000000000000
    salt_ca034                      47.38662640349580    1.000000000000000    0.000000000000000
    salt_ca035                      14.87847357989161    1.000000000000000    0.000000000000000
    salt_ca036                      553.2182911981723    1.000000000000000    0.000000000000000
    salt_cl000                      115.6433128855753    1.000000000000000    0.000000000000000
    salt_cl001                      200.5844545025732    1.000000000000000    0.000000000000000
    salt_cl002                      270.0410682048849    1.000000000000000    0.000000000000000
    salt_cl003                      143.5626518700824    1.000000000000000    0.000000000000000
    salt_cl004                      103.5889694907670    1.000000000000000    0.000000000000000
    salt_cl005                      136.6600814132116    1.000000000000000    0.000000000000000
    salt_cl006                      53.35314271492818    1.000000000000000    0.000000000000000
    salt_cl007                      355.3576487042993    1.000000000000000    0.000000000000000
    salt_cl008                      122.5735237141035    1.000000000000000    0.000000000000000
    salt_cl009                      236.5763432066500    1.000000000000000    0.000000000000000
    salt_cl010                      94.39109850030410    1.000000000000000    0.000000000000000
    salt_cl011                      377.6784411125562    1.000000000000000    0.000000000000000
    salt_cl012                      128.2019321188634    1.000000000000000    0.000000000000000
    salt_cl013                      179.8108767364979    1.000000000000000    0.000000000000000
    salt_cl014                      42.00372979034166    1.000000000000000    0.000000000000000
    salt_cl015                      209.5469632482250    1.000000000000000    0.000000000000000
    salt_cl016                      56.13376156702848    1.000000000000000    0.000000000000000
    salt_cl017                      62.34217022724736    1.000000000000000    0.000000000000000
    salt_cl018                      137.6483284904422    1.000000000000000    0.000000000000000
    salt_cl019                      219.4340145346747    1.000000000000000    0.000000000000000
    salt_cl020                      48.80801124892140    1.000000000000000    0.000000000000000
    salt_cl021                      106.3220927392188    1.000000000000000    0.000000000000000
    salt_cl022                      37.55450015058562    1.000000000000000    0.000000000000000
    salt_cl023                      157.2123215378420    1.000000000000000    0.000000000000000
    salt_cl024                      72.41926523949373    1.000000000000000    0.000000000000000
    salt_cl025                      134.6406738774879    1.000000000000000    0.000000000000000
    salt_cl026                      71.26006430186159    1.000000000000000    0.000000000000000
    salt_cl027                      187.4150096810397    1.000000000000000    0.000000000000000
    salt_cl028                      104.8465703000528    1.000000000000000    0.000000000000000
    salt_cl029                      78.75744689252001    1.000000000000000    0.000000000000000
    salt_cl030                      46.36149938336197    1.000000000000000    0.000000000000000
    salt_cl031                      79.05414892015183    1.000000000000000    0.000000000000000
    salt_cl032                      259.8705256736407    1.000000000000000    0.000000000000000
    salt_cl033                      143.7860080599679    1.000000000000000    0.000000000000000
    salt_cl034                      297.4736606874888    1.000000000000000    0.000000000000000
    salt_cl035                      81.83172852678179    1.000000000000000    0.000000000000000
    salt_cl036                      267.3084802113133    1.000000000000000    0.000000000000000
   salt_co3000                      2.779656235808944    1.000000000000000    0.000000000000000
   salt_co3001                      8.765358944820694    1.000000000000000    0.000000000000000
   salt_co3002                      5.635223683156874    1.000000000000000    0.000000000000000
   salt_co3003                      3.316794602242708    1.000000000000000    0.000000000000000
   salt_co3004                      7.741084370535573    1.000000000000000    0.000000000000000
   salt_co3005                      1.849732981317090    1.000000000000000    0.000000000000000
   salt_co3006                      1.755438032327442    1.000000000000000    0.000000000000000
   salt_co3007                      4.130289143098291    1.000000000000000    0.000000000000000
   salt_co3008                      12.94746032499483    1.000000000000000    0.000000000000000
   salt_co3009                      2.429606935054707    1.000000000000000    0.000000000000000
   salt_co3010                      5.499435901023792    1.000000000000000    0.000000000000000
   salt_co3011                      4.536336711272212    1.000000000000000    0.000000000000000
   salt_co3012                      2.493076290813331    1.000000000000000    0.000000000000000
   salt_co3013                      8.161301535863503    1.000000000000000    0.000000000000000
   salt_co3014                      2.543201206625224    1.000000000000000    0.000000000000000
   salt_co3015                      7.235009401112261    1.000000000000000    0.000000000000000
   salt_co3016                      4.505046650995207    1.000000000000000    0.000000000000000
   salt_co3017                      4.020781679732838    1.000000000000000    0.000000000000000
   salt_co3018                      14.13556895354388    1.000000000000000    0.000000000000000
   salt_co3019                      4.840850805568838    1.000000000000000    0.000000000000000
   salt_co3020                      1.024826413972214    1.000000000000000    0.000000000000000
   salt_co3021                      0.8905535033482509    1.000000000000000    0.000000000000000
   salt_co3022                      8.813007575301462    1.000000000000000    0.000000000000000
   salt_co3023                      3.305372595362158    1.000000000000000    0.000000000000000
   salt_co3024                      3.690657019793063    1.000000000000000    0.000000000000000
   salt_co3025                      8.407136940017255    1.000000000000000    0.000000000000000
   salt_co3026                      0.6976803202695768    1.000000000000000    0.000000000000000
   salt_co3027                      4.451425600400515    1.000000000000000    0.000000000000000
   salt_co3028                      4.665861372831027    1.000000000000000    0.000000000000000
   salt_co3029                      1.798994993708788    1.000000000000000    0.000000000000000
   salt_co3030                      3.406781226598157    1.000000000000000    0.000000000000000
   salt_co3031                      6.316172223974233    1.000000000000000    0.000000000000000
   salt_co3032                      2.848317626783941    1.000000000000000    0.000000000000000
   salt_co3033                      2.103233327135601    1.000000000000000    0.000000000000000
   salt_co3034                      3.949500072585613    1.000000000000000    0.000000000000000
   salt_co3035                      5.255875760498347    1.000000000000000    0.000000000000000
   salt_co3036                      1.459504877224189    1.000000000000000    0.000000000000000
  salt_hco3000                      240.3617038718378    1.000000000000000    0.000000000000000
  salt_hco3001                      38.97655883505185    1.000000000000000    0.000000000000000
  salt_hco3002                      71.88349547957355    1.000000000000000    0.000000000000000
  salt_hco3003                      223.8980977611311    1.000000000000000    0.000000000000000
  salt_hco3004                      522.8365235052734    1.000000000000000    0.000000000000000
  salt_hco3005                      2154.930597982457    1.000000000000000    0.000000000000000
  salt_hco3006                      169.0975903527774    1.000000000000000    0.000000000000000
  salt_hco3007                      58.23986699542660    1.000000000000000    0.000000000000000
  salt_hco3008                      114.3365055838364    1.000000000000000    0.000000000000000
  salt_hco3009                      2182.264579174135    1.000000000000000    0.000000000000000
  salt_hco3010                      358.4464445891646    1.000000000000000    0.000000000000000
  salt_hco3011                      304.3201254206617    1.000000000000000    0.000000000000000
  salt_hco3012                      775.6185242212548    1.000000000000000    0.000000000000000
  salt_hco3013                      56.34532313615739    1.000000000000000    0.000000000000000
  salt_hco3014                      30.33111978507347    1.000000000000000    0.000000000000000
  salt_hco3015                      231.8724337787121    1.000000000000000    0.000000000000000
  salt_hco3016                      3065.457892139173    1.000000000000000    0.000000000000000
  salt_hco3017                      8522.613570831170    1.000000000000000    0.000000000000000
  salt_hco3018                      231.4924676879575    1.000000000000000    0.000000000000000
  salt_hco3019                      387.7244679632897    1.000000000000000    0.000000000000000
  salt_hco3020                      804.8988201311190    1.000000000000000    0.000000000000000
  salt_hco3021                      2851.514668881191    1.000000000000000    0.000000000000000
  salt_hco3022                      42.94399421626554    1.000000000000000    0.000000000000000
  salt_hco3023                      806.7336134443329    1.000000000000000    0.000000000000000
  salt_hco3024                      106.1335556214682    1.000000000000000    0.000000000000000
  salt_hco3025                      97.50171873957800    1.000000000000000    0.000000000000000
  salt_hco3026                      103.2207383864463    1.000000000000000    0.000000000000000
  salt_hco3027                      81.94330076680674    1.000000000000000    0.000000000000000
  salt_hco3028                      80.78099140953390    1.000000000000000    0.000000000000000
  salt_hco3029                      97.83135393062410    1.000000000000000    0.000000000000000
  salt_hco3030                      186.8309117356500    1.000000000000000    0.000000000000000
  salt_hco3031                      118.9171451528516    1.000000000000000    0.000000000000000
  salt_hco3032                      282.8668275456616    1.000000000000000    0.000000000000000
  salt_hco3033                      1039.094222407699    1.000000000000000    0.000000000000000
  salt_hco3034                      212.4007124297099    1.000000000000000    0.000000000000000
  salt_hco3035                      155.8304669532529    1.000000000000000    0.000000000000000
  salt_hco3036                      1356.913230399053    1.000000000000000    0.000000000000000
     salt_k000                      4.573003870145509    1.000000000000000    0.000000000000000
     salt_k001                      3.161060473077932    1.000000000000000    0.000000000000000
     salt_k002                      1.136670665491088    1.000000000000000    0.000000000000000
     salt_k003                      2.630998153643079    1.000000000000000    0.000000000000000
     salt_k004                      1.624116744896659    1.000000000000000    0.000000000000000
     salt_k005                      2.870420580948354    1.000000000000000    0.000000000000000
     salt_k006                      1.044059089450144    1.000000000000000    0.000000000000000
     salt_k007                      1.036325910226922    1.000000000000000    0.000000000000000
     salt_k008                      6.220102430612182    1.000000000000000    0.000000000000000
     salt_k009                      3.737655508215960    1.000000000000000    0.000000000000000
     salt_k010                      0.3371538824678935    1.000000000000000    0.000000000000000
     salt_k011                      7.073622006215748    1.000000000000000    0.000000000000000
     salt_k012                      1.705504867072557    1.000000000000000    0.000000000000000
     salt_k013                      2.291166629536923    1.000000000000000    0.000000000000000
     salt_k014                      3.148693315348915    1.000000000000000    0.000000000000000
     salt_k015                      7.447280994179069    1.000000000000000    0.000000000000000
     salt_k016                      0.6879846969930805    1.000000000000000    0.000000000000000
     salt_k017                      1.548180759858085    1.000000000000000    0.000000000000000
     salt_k018                      2.286882377437928    1.000000000000000    0.000000000000000
     salt_k019                      1.713253864490565    1.000000000000000    0.000000000000000
     salt_k020                      1.516495572245621    1.000000000000000    0.000000000000000
     salt_k021                      3.033885885200731    1.000000000000000    0.000000000000000
     salt_k022                      1.923747123624324    1.000000000000000    0.000000000000000
     salt_k023                      2.768716212827522    1.000000000000000    0.000000000000000
     salt_k024                      6.283242106021948    1.000000000000000    0.000000000000000
     salt_k025                      8.831731822746917    1.000000000000000    0.000000000000000
     salt_k026                      1.131686787617596    1.000000000000000    0.000000000000000
     salt_k027                      1.006346253694253    1.000000000000000    0.000000000000000
     salt_k028                      0.4629806544175019    1.000000000000000    0.000000000000000
     salt_k029                      7.168874382639570    1.000000000000000    0.000000000000000
     salt_k030                      2.823577732710345    1.000000000000000    0.000000000000000
     salt_k031                      1.515493940991029    1.000000000000000    0.000000000000000
     salt_k032                      2.649102245898802    1.000000000000000    0.000000000000000
     salt_k033                      0.4074612075295688    1.000000000000000    0.000000000000000
     salt_k034                      2.334663615589767    1.000000000000000    0.000000000000000
     salt_k035                      2.468161005591785    1.000000000000000    0.000000000000000
     salt_k036                      1.351697408185487    1.000000000000000    0.000000000000000
    salt_mg000                      18.43725081578589    1.000000000000000    0.000000000000000
    salt_mg001                      6.942394270160524    1.000000000000000    0.000000000000000
    salt_mg002                      5.317021285842031    1.000000000000000    0.000000000000000
    salt_mg003                      23.48244050672076    1.000000000000000    0.000000000000000
    salt_mg004                      37.00535588398421    1.000000000000000    0.000000000000000
    salt_mg005                      50.39027081319264    1.000000000000000    0.000000000000000
    salt_mg006                      39.70362448024311    1.000000000000000    0.000000000000000
    salt_mg007                      10.89375358308554    1.000000000000000    0.000000000000000
    salt_mg008                      7.532484143879198    1.000000000000000    0.000000000000000
    salt_mg009                      52.75167141077546    1.000000000000000    0.000000000000000
    salt_mg010                      2.466196887870935    1.000000000000000    0.000000000000000
    salt_mg011                      26.56489039952685    1.000000000000000    0.000000000000000
    salt_mg012                      14.26873439458682    1.000000000000000    0.000000000000000
    salt_mg013                      5.927764610405989    1.000000000000000    0.000000000000000
    salt_mg014                      3.209093787852973    1.000000000000000    0.000000000000000
    salt_mg015                      55.96817316586614    1.000000000000000    0.000000000000000
    salt_mg016                      20.08648101151627    1.000000000000000    0.000000000000000
    salt_mg017                      60.43067456814647    1.000000000000000    0.000000000000000
    salt_mg018                      67.88449722928758    1.000000000000000    0.000000000000000
    salt_mg019                      6.009442208649577    1.000000000000000    0.000000000000000
    salt_mg020                      6.762411778601870    1.000000000000000    0.000000000000000
    salt_mg021                      15.80577753566167    1.000000000000000    0.000000000000000
    salt_mg022                      7.402862696667034    1.000000000000000    0.000000000000000
    salt_mg023                      18.35363376289860    1.000000000000000    0.000000000000000
    salt_mg024                      14.73136655255884    1.000000000000000    0.000000000000000
    salt_mg025                      46.51492610763982    1.000000000000000    0.000000000000000
    salt_mg026                      92.87636779138860    1.000000000000000    0.000000000000000
    salt_mg027                      7.638136269941742    1.000000000000000    0.000000000000000
    salt_mg028                      369.2916252979357    1.000000000000000    0.000000000000000
    salt_mg029                      4.099712292854954    1.000000000000000    0.000000000000000
    salt_mg030                      43.79908893981912    1.000000000000000    0.000000000000000
    salt_mg031                      5.645115856777497    1.000000000000000    0.000000000000000
    salt_mg032                      3.698704218713985    1.000000000000000    0.000000000000000
    salt_mg033                      96.71309359608409    1.000000000000000    0.000000000000000
    salt_mg034                      14.06053999777068    1.000000000000000    0.000000000000000
    salt_mg035                      14.25991057168823    1.000000000000000    0.000000000000000
    salt_mg036                      32.40742889535327    1.000000000000000    0.000000000000000
    salt_na000                      164.4243038802653    1.000000000000000    0.000000000000000
    salt_na001                      89.10495367948326    1.000000000000000    0.000000000000000
    salt_na002                      63.70050150447745    1.000000000000000    0.000000000000000
    salt_na003                      173.7533356800183    1.000000000000000    0.000000000000000
    salt_na004                      224.4450434618762    1.000000000000000    0.000000000000000
    salt_na005                      572.5101862598067    1.000000000000000    0.000000000000000
    salt_na006                      143.0767322703787    1.000000000000000    0.000000000000000
    salt_na007                      192.4852376408676    1.000000000000000    0.000000000000000
    salt_na008                      314.0376259200524    1.000000000000000    0.000000000000000
    salt_na009                      144.2330301501113    1.000000000000000    0.000000000000000
    salt_na010                      196.9575218411800    1.000000000000000    0.000000000000000
    salt_na011                      123.5077199471795    1.000000000000000    0.000000000000000
    salt_na012                      177.3673518509408    1.000000000000000    0.000000000000000
    salt_na013                      172.2545376040785    1.000000000000000    0.000000000000000
    salt_na014                      231.8834844577860    1.000000000000000    0.000000000000000
    salt_na015                      144.0047899137923    1.000000000000000    0.000000000000000
    salt_na016                      117.6143056714633    1.000000000000000    0.000000000000000
    salt_na017                      148.4687773655112    1.000000000000000    0.000000000000000
    salt_na018                      211.4175192778891    1.000000000000000    0.000000000000000
    salt_na019                      138.5132381196533    1.000000000000000    0.000000000000000
    salt_na020                      48.02679232855021    1.000000000000000    0.000000000000000
    salt_na021                      63.50927366668263    1.000000000000000    0.000000000000000
    salt_na022                      68.28136994125704    1.000000000000000    0.000000000000000
    salt_na023                      523.4429088393791    1.000000000000000    0.000000000000000
    salt_na024                      62.04430642580277    1.000000000000000    0.000000000000000
    salt_na025                      128.8293169084832    1.000000000000000    0.000000000000000
    salt_na026                      405.5793141354632    1.000000000000000    0.000000000000000
    salt_na027                      276.0701707366262    1.000000000000000    0.000000000000000
    salt_na028                      37.36527257906800    1.000000000000000    0.000000000000000
    salt_na029                      263.1781439469657    1.000000000000000    0.000000000000000
    salt_na030                      269.4296099265727    1.000000000000000    0.000000000000000
    salt_na031                      159.9653780837306    1.000000000000000    0.000000000000000
    salt_na032                      144.4791646033757    1.000000000000000    0.000000000000000
    salt_na033                      313.5810896745076    1.000000000000000    0.000000000000000
    salt_na034                      104.5965390754872    1.000000000000000    0.000000000000000
    salt_na035                      39.30820641524687    1.000000000000000    0.000000000000000
    salt_na036                      31.57075006752135    1.000000000000000    0.000000000000000
   salt_so4000                      588.8786957966607    1.000000000000000    0.000000000000000
   salt_so4001                      95.15399547821031    1.000000000000000    0.000000000000000
   salt_so4002                      559.8408026141182    1.000000000000000    0.000000000000000
   salt_so4003                      385.1875964491662    1.000000000000000    0.000000000000000
   salt_so4004                      428.2481124902493    1.000000000000000    0.000000000000000
   salt_so4005                      361.5934425961420    1.000000000000000    0.000000000000000
   salt_so4006                      47.86739074511303    1.000000000000000    0.000000000000000
   salt_so4007                      154.3272807593985    1.000000000000000    0.000000000000000
   salt_so4008                      878.9654327617002    1.000000000000000    0.000000000000000
   salt_so4009                      1248.562442188721    1.000000000000000    0.000000000000000
   salt_so4010                      70.56843856061862    1.000000000000000    0.000000000000000
   salt_so4011                      159.2774213106557    1.000000000000000    0.000000000000000
   salt_so4012                      318.4585234053349    1.000000000000000    0.000000000000000
   salt_so4013                      297.2665967404572    1.000000000000000    0.000000000000000
   salt_so4014                      141.1424819646787    1.000000000000000    0.000000000000000
   salt_so4015                      269.7748127359218    1.000000000000000    0.000000000000000
   salt_so4016                      181.6554291686572    1.000000000000000    0.000000000000000
   salt_so4017                      2315.754886320176    1.000000000000000    0.000000000000000
   salt_so4018                      204.8463428033033    1.000000000000000    0.000000000000000
   salt_so4019                      1316.398796339670    1.000000000000000    0.000000000000000
   salt_so4020                      70.43907588402672    1.000000000000000    0.000000000000000
   salt_so4021                      242.7598157134784    1.000000000000000    0.000000000000000
   salt_so4022                      115.0706759675945    1.000000000000000    0.000000000000000
   salt_so4023                      243.1953301389511    1.000000000000000    0.000000000000000
   salt_so4024                      154.8062240521375    1.000000000000000    0.000000000000000
   salt_so4025                      43.03057794386551    1.000000000000000    0.000000000000000
   salt_so4026                      112.9358924744919    1.000000000000000    0.000000000000000
   salt_so4027                      389.4895282730103    1.000000000000000    0.000000000000000
   salt_so4028                      353.1914248241779    1.000000000000000    0.000000000000000
   salt_so4029                      180.2231311716917    1.000000000000000    0.000000000000000
   salt_so4030                      175.9088856133983    1.000000000000000    0.000000000000000
   salt_so4031                      22.83347197085560    1.000000000000000    0.000000000000000
   salt_so4032                      436.6138126882266    1.000000000000000    0.000000000000000
   salt_so4033                      273.4007838447612    1.000000000000000    0.000000000000000
   salt_so4034                      90.66266214241858    1.000000000000000    0.000000000000000
   salt_so4035                      17.33150211808492    1.000000000000000    0.000000000000000
   salt_so4036                      73.01276760542619    1.000000000000000    0.000000000000000
