single point
    aquf_caco3                      5.377457793448049e-05    1.000000000000000    0.000000000000000
    aquf_caso4                      7.948026002606416e-07    1.000000000000000    0.000000000000000
    aquf_mgso4                      3.449387621706509e-05    1.000000000000000    0.000000000000000
   soil_caco_h                      24.73546450170108    1.000000000000000    0.000000000000000
   soil_caco_l                      12.50979837165669    1.000000000000000    0.000000000000000
   soil_caco_m                      15.98252050407185    1.000000000000000    0.000000000000000
  soil_caco_mh                      17.99561120606417    1.000000000000000    0.000000000000000
  soil_caco_ml                      14.58630716191775    1.000000000000000    0.000000000000000
   soil_caso_h                      5.004673159042654    1.000000000000000    0.000000000000000
   soil_caso_l                      0.1900047267094754    1.000000000000000    0.000000000000000
   soil_caso_m                      1.087975820989498    1.000000000000000    0.000000000000000
  soil_caso_mh                      2.217790508138407    1.000000000000000    0.000000000000000
  soil_caso_ml                      0.5267869280694651    1.000000000000000    0.000000000000000
           p12                      1.610000000000000    1.000000000000000    0.000000000000000
           p15                      2.000000000000000e-05    1.000000000000000    0.000000000000000
           p16                      1.450000000000000    1.000000000000000    0.000000000000000
           p17                      0.5000000000000000    1.000000000000000    0.000000000000000
           p20                      0.4000000000000000    1.000000000000000    0.000000000000000
           p23                      0.003200000000000000    1.000000000000000    0.000000000000000
           p25                      1.000000000000000e-05    1.000000000000000    0.000000000000000
           p40                      1.000000000000000    1.000000000000000    0.000000000000000
           p49                      3.170000000000000    1.000000000000000    0.000000000000000
            p5                      0.1150000000000000    1.000000000000000    0.000000000000000
           p50                      0.3000000000000000    1.000000000000000    0.000000000000000
           p51                      0.9000000000000000    1.000000000000000    0.000000000000000
           p61                      0.1150000000000000    1.000000000000000    0.000000000000000
           p90                      1.000000000000000    1.000000000000000    0.000000000000000
           p91                      0.08720000000000000    1.000000000000000    0.000000000000000
           p92                      2.000000000000000    1.000000000000000    0.000000000000000
   rivbot_rg01                      5.000000000000000    1.000000000000000   -5.000000000000000
   rivbot_rg02                      5.000000000000000    1.000000000000000   -5.000000000000000
   rivbot_rg03                      5.000000000000000    1.000000000000000   -5.000000000000000
   rivbot_rg04                      5.000000000000000    1.000000000000000   -5.000000000000000
   rivbot_rg05                      5.000000000000000    1.000000000000000   -5.000000000000000
    rivcd_rg01                      28.72894303822531    1.000000000000000   -50.00000000000000
    rivcd_rg02                      88.48294881874818    1.000000000000000   -50.00000000000000
    rivcd_rg03                      31.52052334712387    1.000000000000000   -50.00000000000000
    rivcd_rg04                      44.52719911469563    1.000000000000000   -50.00000000000000
    rivcd_rg05                      19.80964455015166    1.000000000000000   -50.00000000000000
    salt_ca000                      20.63970449169237    1.000000000000000    0.000000000000000
    salt_ca001                      173.1339885327058    1.000000000000000    0.000000000000000
    salt_ca002                      32.89315604618583    1.000000000000000    0.000000000000000
    salt_ca003                      280.6276929107960    1.000000000000000    0.000000000000000
    salt_ca004                      239.6755284653127    1.000000000000000    0.000000000000000
    salt_ca005                      26.59373301597192    1.000000000000000    0.000000000000000
    salt_ca006                      372.9840155573529    1.000000000000000    0.000000000000000
    salt_ca007                      234.3832369386474    1.000000000000000    0.000000000000000
    salt_ca008                      37.33101651230572    1.000000000000000    0.000000000000000
    salt_ca009                      156.5711148568913    1.000000000000000    0.000000000000000
    salt_ca010                      129.0795354186068    1.000000000000000    0.000000000000000
    salt_ca011                      124.1231861616378    1.000000000000000    0.000000000000000
    salt_ca012                      118.5647966763925    1.000000000000000    0.000000000000000
    salt_ca013                      93.06301519675739    1.000000000000000    0.000000000000000
    salt_ca014                      193.3785950726502    1.000000000000000    0.000000000000000
    salt_ca015                      126.5783129637479    1.000000000000000    0.000000000000000
    salt_ca016                      704.2738003493563    1.000000000000000    0.000000000000000
    salt_ca017                      337.5916955985473    1.000000000000000    0.000000000000000
    salt_ca018                      80.26637750184757    1.000000000000000    0.000000000000000
    salt_ca019                      50.71484704455764    1.000000000000000    0.000000000000000
    salt_ca020                      68.20974533693740    1.000000000000000    0.000000000000000
    salt_ca021                      1185.592717467017    1.000000000000000    0.000000000000000
    salt_ca022                      221.0165462959463    1.000000000000000    0.000000000000000
    salt_ca023                      236.2997799985231    1.000000000000000    0.000000000000000
    salt_ca024                      87.92770761617665    1.000000000000000    0.000000000000000
    salt_ca025                      108.1537871561169    1.000000000000000    0.000000000000000
    salt_ca026                      519.2527836778911    1.000000000000000    0.000000000000000
    salt_ca027                      193.3513082179517    1.000000000000000    0.000000000000000
    salt_ca028                      18.45694615157497    1.000000000000000    0.000000000000000
    salt_ca029                      136.7751380934717    1.000000000000000    0.000000000000000
    salt_ca030                      44.32432708362681    1.000000000000000    0.000000000000000
    salt_ca031                      153.9100565307330    1.000000000000000    0.000000000000000
    salt_ca032                      76.65987130741732    1.000000000000000    0.000000000000000
    salt_ca033                      129.8772041031569    1.000000000000000    0.000000000000000
    salt_ca034                      48.73328312042712    1.000000000000000    0.000000000000000
    salt_ca035                      17.74987155908818    1.000000000000000    0.000000000000000
    salt_ca036                      500.2525518596583    1.000000000000000    0.000000000000000
    salt_cl000                      118.2969080505878    1.000000000000000    0.000000000000000
    salt_cl001                      189.3675643943110    1.000000000000000    0.000000000000000
    salt_cl002                      274.8590236872433    1.000000000000000    0.000000000000000
    salt_cl003                      149.5334404292446    1.000000000000000    0.000000000000000
    salt_cl004                      101.0825891345542    1.000000000000000    0.000000000000000
    salt_cl005                      134.2842243115804    1.000000000000000    0.000000000000000
    salt_cl006                      53.29385583379884    1.000000000000000    0.000000000000000
    salt_cl007                      326.8313597610504    1.000000000000000    0.000000000000000
    salt_cl008                      116.6845242400733    1.000000000000000    0.000000000000000
    salt_cl009                      230.8507962717410    1.000000000000000    0.000000000000000
    salt_cl010                      105.6242808545959    1.000000000000000    0.000000000000000
    salt_cl011                      379.4179783118229    1.000000000000000    0.000000000000000
    salt_cl012                      126.9078004276748    1.000000000000000    0.000000000000000
    salt_cl013                      161.0763392550568    1.000000000000000    0.000000000000000
    salt_cl014                      39.17437376052590    1.000000000000000    0.000000000000000
    salt_cl015                      216.3139877759563    1.000000000000000    0.000000000000000
    salt_cl016                      57.95295888824715    1.000000000000000    0.000000000000000
    salt_cl017                      78.72749367320856    1.000000000000000    0.000000000000000
    salt_cl018                      139.5675828453623    1.000000000000000    0.000000000000000
    salt_cl019                      204.2405404814973    1.000000000000000    0.000000000000000
    salt_cl020                      53.98432507948272    1.000000000000000    0.000000000000000
    salt_cl021                      106.7147499973211    1.000000000000000    0.000000000000000
    salt_cl022                      43.87341536351683    1.000000000000000    0.000000000000000
    salt_cl023                      154.6962133762313    1.000000000000000    0.000000000000000
    salt_cl024                      69.58191778662167    1.000000000000000    0.000000000000000
    salt_cl025                      146.2385317228953    1.000000000000000    0.000000000000000
    salt_cl026                      69.24673590530561    1.000000000000000    0.000000000000000
    salt_cl027                      202.5647213446148    1.000000000000000    0.000000000000000
    salt_cl028                      92.52901673161868    1.000000000000000    0.000000000000000
    salt_cl029                      86.24395113459381    1.000000000000000    0.000000000000000
    salt_cl030                      46.60810017530032    1.000000000000000    0.000000000000000
    salt_cl031                      91.28105914151914    1.000000000000000    0.000000000000000
    salt_cl032                      249.4953541290874    1.000000000000000    0.000000000000000
    salt_cl033                      136.6131657557894    1.000000000000000    0.000000000000000
    salt_cl034                      283.7117479692663    1.000000000000000    0.000000000000000
    salt_cl035                      77.63679082380243    1.000000000000000    0.000000000000000
    salt_cl036                      319.8832490420874    1.000000000000000    0.000000000000000
   salt_co3000                      3.233522272814239    1.000000000000000    0.000000000000000
   salt_co3001                      8.239861885116415    1.000000000000000    0.000000000000000
   salt_co3002                      4.678603015324053    1.000000000000000    0.000000000000000
   salt_co3003                      3.233753841509860    1.000000000000000    0.000000000000000
   salt_co3004                      9.101731069452264    1.000000000000000    0.000000000000000
   salt_co3005                      1.851652030473011    1.000000000000000    0.000000000000000
   salt_co3006                      1.868509508485136    1.000000000000000    0.000000000000000
   salt_co3007                      4.408799911714572    1.000000000000000    0.000000000000000
   salt_co3008                      15.08315716573534    1.000000000000000    0.000000000000000
   salt_co3009                      2.787353674145215    1.000000000000000    0.000000000000000
   salt_co3010                      5.150752066913650    1.000000000000000    0.000000000000000
   salt_co3011                      4.336674201544350    1.000000000000000    0.000000000000000
   salt_co3012                      2.594618373557245    1.000000000000000    0.000000000000000
   salt_co3013                      6.597390029467890    1.000000000000000    0.000000000000000
   salt_co3014                      2.343829074130676    1.000000000000000    0.000000000000000
   salt_co3015                      8.119433698098261    1.000000000000000    0.000000000000000
   salt_co3016                      4.163309357403421    1.000000000000000    0.000000000000000
   salt_co3017                      3.702306999384497    1.000000000000000    0.000000000000000
   salt_co3018                      11.37592923217104    1.000000000000000    0.000000000000000
   salt_co3019                      4.995753669634190    1.000000000000000    0.000000000000000
   salt_co3020                      0.9337039601774092    1.000000000000000    0.000000000000000
   salt_co3021                      0.8952964731635582    1.000000000000000    0.000000000000000
   salt_co3022                      7.642609740727408    1.000000000000000    0.000000000000000
   salt_co3023                      3.984344160992995    1.000000000000000    0.000000000000000
   salt_co3024                      3.643037724470557    1.000000000000000    0.000000000000000
   salt_co3025                      7.892831579054802    1.000000000000000    0.000000000000000
   salt_co3026                      0.6950005380066367    1.000000000000000    0.000000000000000
   salt_co3027                      4.310125407908170    1.000000000000000    0.000000000000000
   salt_co3028                      4.656336087012683    1.000000000000000    0.000000000000000
   salt_co3029                      1.990545337580612    1.000000000000000    0.000000000000000
   salt_co3030                      3.477068446962213    1.000000000000000    0.000000000000000
   salt_co3031                      6.811212894239370    1.000000000000000    0.000000000000000
   salt_co3032                      3.262790537096137    1.000000000000000    0.000000000000000
   salt_co3033                      2.292035910069238    1.000000000000000    0.000000000000000
   salt_co3034                      4.104625507615775    1.000000000000000    0.000000000000000
   salt_co3035                      5.015803861762707    1.000000000000000    0.000000000000000
   salt_co3036                      1.321978644284640    1.000000000000000    0.000000000000000
  salt_hco3000                      281.9307581469086    1.000000000000000    0.000000000000000
  salt_hco3001                      39.05447887701526    1.000000000000000    0.000000000000000
  salt_hco3002                      80.76853829140710    1.000000000000000    0.000000000000000
  salt_hco3003                      233.3556099285865    1.000000000000000    0.000000000000000
  salt_hco3004                      553.4659465400991    1.000000000000000    0.000000000000000
  salt_hco3005                      2412.700104306378    1.000000000000000    0.000000000000000
  salt_hco3006                      180.2941827836140    1.000000000000000    0.000000000000000
  salt_hco3007                      58.19223085990162    1.000000000000000    0.000000000000000
  salt_hco3008                      125.9428501984268    1.000000000000000    0.000000000000000
  salt_hco3009                      2514.262065932187    1.000000000000000    0.000000000000000
  salt_hco3010                      343.3819795018653    1.000000000000000    0.000000000000000
  salt_hco3011                      337.6597937228972    1.000000000000000    0.000000000000000
  salt_hco3012                      712.3308383908505    1.000000000000000    0.000000000000000
  salt_hco3013                      50.51170173298220    1.000000000000000    0.000000000000000
  salt_hco3014                      35.39169914487536    1.000000000000000    0.000000000000000
  salt_hco3015                      192.9271544121414    1.000000000000000    0.000000000000000
  salt_hco3016                      3087.155733171050    1.000000000000000    0.000000000000000
  salt_hco3017                      8907.609652810675    1.000000000000000    0.000000000000000
  salt_hco3018                      233.5126653299790    1.000000000000000    0.000000000000000
  salt_hco3019                      432.8056764136616    1.000000000000000    0.000000000000000
  salt_hco3020                      740.0381037161037    1.000000000000000    0.000000000000000
  salt_hco3021                      3105.236202718156    1.000000000000000    0.000000000000000
  salt_hco3022                      48.05544066538211    1.000000000000000    0.000000000000000
  salt_hco3023                      851.2525935242678    1.000000000000000    0.000000000000000
  salt_hco3024                      99.12697910342688    1.000000000000000    0.000000000000000
  salt_hco3025                      94.88508145314829    1.000000000000000    0.000000000000000
  salt_hco3026                      101.0723892331015    1.000000000000000    0.000000000000000
  salt_hco3027                      81.14584483151518    1.000000000000000    0.000000000000000
  salt_hco3028                      75.10409977108409    1.000000000000000    0.000000000000000
  salt_hco3029                      103.7856649458679    1.000000000000000    0.000000000000000
  salt_hco3030                      177.0685038006690    1.000000000000000    0.000000000000000
  salt_hco3031                      128.2942001331174    1.000000000000000    0.000000000000000
  salt_hco3032                      300.1452818694524    1.000000000000000    0.000000000000000
  salt_hco3033                      1087.923905318830    1.000000000000000    0.000000000000000
  salt_hco3034                      206.4572723757877    1.000000000000000    0.000000000000000
  salt_hco3035                      175.2001882099711    1.000000000000000    0.000000000000000
  salt_hco3036                      1358.026732673493    1.000000000000000    0.000000000000000
     salt_k000                      4.380111219685969    1.000000000000000    0.000000000000000
     salt_k001                      2.927474607363365    1.000000000000000    0.000000000000000
     salt_k002                      1.035921583581273    1.000000000000000    0.000000000000000
     salt_k003                      2.624599395891751    1.000000000000000    0.000000000000000
     salt_k004                      1.537342313750677    1.000000000000000    0.000000000000000
     salt_k005                      2.510901929861547    1.000000000000000    0.000000000000000
     salt_k006                      0.9712483710908035    1.000000000000000    0.000000000000000
     salt_k007                      1.015406802467013    1.000000000000000    0.000000000000000
     salt_k008                      5.414281863010314    1.000000000000000    0.000000000000000
     salt_k009                      3.393429655728847    1.000000000000000    0.000000000000000
     salt_k010                      0.3734035518392357    1.000000000000000    0.000000000000000
     salt_k011                      7.022523401862935    1.000000000000000    0.000000000000000
     salt_k012                      1.579205872698671    1.000000000000000    0.000000000000000
     salt_k013                      2.651247865966451    1.000000000000000    0.000000000000000
     salt_k014                      3.445988076215311    1.000000000000000    0.000000000000000
     salt_k015                      7.269756914537957    1.000000000000000    0.000000000000000
     salt_k016                      0.7825509629799672    1.000000000000000    0.000000000000000
     salt_k017                      1.718945657616536    1.000000000000000    0.000000000000000
     salt_k018                      1.978212884454672    1.000000000000000    0.000000000000000
     salt_k019                      1.505397939227867    1.000000000000000    0.000000000000000
     salt_k020                      1.549071255201050    1.000000000000000    0.000000000000000
     salt_k021                      2.980827478373687    1.000000000000000    0.000000000000000
     salt_k022                      1.898000415632542    1.000000000000000    0.000000000000000
     salt_k023                      2.966544247955478    1.000000000000000    0.000000000000000
     salt_k024                      6.090131338164733    1.000000000000000    0.000000000000000
     salt_k025                      10.01839185836353    1.000000000000000    0.000000000000000
     salt_k026                      1.054449767175318    1.000000000000000    0.000000000000000
     salt_k027                      1.083358859454052    1.000000000000000    0.000000000000000
     salt_k028                      0.5028302088489165    1.000000000000000    0.000000000000000
     salt_k029                      7.235293922888878    1.000000000000000    0.000000000000000
     salt_k030                      3.213178013597141    1.000000000000000    0.000000000000000
     salt_k031                      1.609552867566945    1.000000000000000    0.000000000000000
     salt_k032                      2.599005094967965    1.000000000000000    0.000000000000000
     salt_k033                      0.4303175028302489    1.000000000000000    0.000000000000000
     salt_k034                      2.511741565351615    1.000000000000000    0.000000000000000
     salt_k035                      2.061278776923118    1.000000000000000    0.000000000000000
     salt_k036                      1.312518276228662    1.000000000000000    0.000000000000000
    salt_mg000                      17.85171315139012    1.000000000000000    0.000000000000000
    salt_mg001                      7.226109109757893    1.000000000000000    0.000000000000000
    salt_mg002                      4.523173955137220    1.000000000000000    0.000000000000000
    salt_mg003                      25.04891318291410    1.000000000000000    0.000000000000000
    salt_mg004                      38.17242076545594    1.000000000000000    0.000000000000000
    salt_mg005                      57.14985856432543    1.000000000000000    0.000000000000000
    salt_mg006                      40.49328285044056    1.000000000000000    0.000000000000000
    salt_mg007                      10.50106883640290    1.000000000000000    0.000000000000000
    salt_mg008                      9.221864281708596    1.000000000000000    0.000000000000000
    salt_mg009                      43.94899320308980    1.000000000000000    0.000000000000000
    salt_mg010                      2.422811405160020    1.000000000000000    0.000000000000000
    salt_mg011                      27.98003605064003    1.000000000000000    0.000000000000000
    salt_mg012                      14.49029826626071    1.000000000000000    0.000000000000000
    salt_mg013                      7.113716568532819    1.000000000000000    0.000000000000000
    salt_mg014                      3.520032648721449    1.000000000000000    0.000000000000000
    salt_mg015                      56.96588453484138    1.000000000000000    0.000000000000000
    salt_mg016                      21.58867291508464    1.000000000000000    0.000000000000000
    salt_mg017                      55.16461042807161    1.000000000000000    0.000000000000000
    salt_mg018                      59.36892739942805    1.000000000000000    0.000000000000000
    salt_mg019                      6.081884726053397    1.000000000000000    0.000000000000000
    salt_mg020                      7.408222388554663    1.000000000000000    0.000000000000000
    salt_mg021                      15.18532964777193    1.000000000000000    0.000000000000000
    salt_mg022                      6.542515263394140    1.000000000000000    0.000000000000000
    salt_mg023                      15.56908789751015    1.000000000000000    0.000000000000000
    salt_mg024                      13.53433537533559    1.000000000000000    0.000000000000000
    salt_mg025                      38.84125599092335    1.000000000000000    0.000000000000000
    salt_mg026                      80.79260308395817    1.000000000000000    0.000000000000000
    salt_mg027                      7.966093651314536    1.000000000000000    0.000000000000000
    salt_mg028                      366.0495605478320    1.000000000000000    0.000000000000000
    salt_mg029                      4.118299656394564    1.000000000000000    0.000000000000000
    salt_mg030                      48.52173622218766    1.000000000000000    0.000000000000000
    salt_mg031                      6.216192839192884    1.000000000000000    0.000000000000000
    salt_mg032                      4.328514201849716    1.000000000000000    0.000000000000000
    salt_mg033                      90.98408006423450    1.000000000000000    0.000000000000000
    salt_mg034                      13.79815454572417    1.000000000000000    0.000000000000000
    salt_mg035                      15.36894888615103    1.000000000000000    0.000000000000000
    salt_mg036                      34.60411744023995    1.000000000000000    0.000000000000000
    salt_na000                      170.7025910001144    1.000000000000000    0.000000000000000
    salt_na001                      88.95009435934404    1.000000000000000    0.000000000000000
    salt_na002                      61.04370659834321    1.000000000000000    0.000000000000000
    salt_na003                      181.9586862537499    1.000000000000000    0.000000000000000
    salt_na004                      247.1317081676866    1.000000000000000    0.000000000000000
    salt_na005                      551.7017515099338    1.000000000000000    0.000000000000000
    salt_na006                      142.8379602092737    1.000000000000000    0.000000000000000
    salt_na007                      203.3166127024388    1.000000000000000    0.000000000000000
    salt_na008                      330.8153597023937    1.000000000000000    0.000000000000000
    salt_na009                      131.9890847541609    1.000000000000000    0.000000000000000
    salt_na010                      231.5983946972345    1.000000000000000    0.000000000000000
    salt_na011                      130.3660688746891    1.000000000000000    0.000000000000000
    salt_na012                      174.2086928552505    1.000000000000000    0.000000000000000
    salt_na013                      178.0521244532299    1.000000000000000    0.000000000000000
    salt_na014                      274.1860569022908    1.000000000000000    0.000000000000000
    salt_na015                      133.4539032098922    1.000000000000000    0.000000000000000
    salt_na016                      113.7988515933499    1.000000000000000    0.000000000000000
    salt_na017                      144.5015819708714    1.000000000000000    0.000000000000000
    salt_na018                      220.6694951023154    1.000000000000000    0.000000000000000
    salt_na019                      143.0530789903148    1.000000000000000    0.000000000000000
    salt_na020                      47.21008266344188    1.000000000000000    0.000000000000000
    salt_na021                      70.80535492018950    1.000000000000000    0.000000000000000
    salt_na022                      61.45180785154223    1.000000000000000    0.000000000000000
    salt_na023                      514.8661013088310    1.000000000000000    0.000000000000000
    salt_na024                      70.70021376705078    1.000000000000000    0.000000000000000
    salt_na025                      125.9688351583472    1.000000000000000    0.000000000000000
    salt_na026                      414.5566471969241    1.000000000000000    0.000000000000000
    salt_na027                      255.5531397629380    1.000000000000000    0.000000000000000
    salt_na028                      37.06353802327321    1.000000000000000    0.000000000000000
    salt_na029                      282.2639613770596    1.000000000000000    0.000000000000000
    salt_na030                      290.1289359546362    1.000000000000000    0.000000000000000
    salt_na031                      164.4903180003025    1.000000000000000    0.000000000000000
    salt_na032                      138.7377454088471    1.000000000000000    0.000000000000000
    salt_na033                      324.3898068674255    1.000000000000000    0.000000000000000
    salt_na034                      114.3914124570038    1.000000000000000    0.000000000000000
    salt_na035                      41.16945684260521    1.000000000000000    0.000000000000000
    salt_na036                      33.76630931814414    1.000000000000000    0.000000000000000
   salt_so4000                      623.3862290980758    1.000000000000000    0.000000000000000
   salt_so4001                      96.67883622894665    1.000000000000000    0.000000000000000
   salt_so4002                      507.2422116669425    1.000000000000000    0.000000000000000
   salt_so4003                      468.1819201994365    1.000000000000000    0.000000000000000
   salt_so4004                      433.5645045218153    1.000000000000000    0.000000000000000
   salt_so4005                      334.5953053513434    1.000000000000000    0.000000000000000
   salt_so4006                      44.11104261758606    1.000000000000000    0.000000000000000
   salt_so4007                      153.5757150850147    1.000000000000000    0.000000000000000
   salt_so4008                      951.1499642229539    1.000000000000000    0.000000000000000
   salt_so4009                      1464.358268763134    1.000000000000000    0.000000000000000
   salt_so4010                      71.77065973372211    1.000000000000000    0.000000000000000
   salt_so4011                      155.6242783089648    1.000000000000000    0.000000000000000
   salt_so4012                      331.9320688347441    1.000000000000000    0.000000000000000
   salt_so4013                      277.9884288714149    1.000000000000000    0.000000000000000
   salt_so4014                      153.1008454986448    1.000000000000000    0.000000000000000
   salt_so4015                      287.5931908522817    1.000000000000000    0.000000000000000
   salt_so4016                      172.3407134758043    1.000000000000000    0.000000000000000
   salt_so4017                      2678.990672153059    1.000000000000000    0.000000000000000
   salt_so4018                      257.1865720369619    1.000000000000000    0.000000000000000
   salt_so4019                      1296.638707472906    1.000000000000000    0.000000000000000
   salt_so4020                      63.99461137654090    1.000000000000000    0.000000000000000
   salt_so4021                      220.6202740485294    1.000000000000000    0.000000000000000
   salt_so4022                      105.6800871308193    1.000000000000000    0.000000000000000
   salt_so4023                      269.6484994098880    1.000000000000000    0.000000000000000
   salt_so4024                      163.8555452656466    1.000000000000000    0.000000000000000
   salt_so4025                      46.46649650161329    1.000000000000000    0.000000000000000
   salt_so4026                      126.8005907124675    1.000000000000000    0.000000000000000
   salt_so4027                      429.5685275635643    1.000000000000000    0.000000000000000
   salt_so4028                      368.3447272756232    1.000000000000000    0.000000000000000
   salt_so4029                      165.4705069043640    1.000000000000000    0.000000000000000
   salt_so4030                      188.7487156325919    1.000000000000000    0.000000000000000
   salt_so4031                      22.30353077253413    1.000000000000000    0.000000000000000
   salt_so4032                      518.4174883638051    1.000000000000000    0.000000000000000
   salt_so4033                      288.1356991383532    1.000000000000000    0.000000000000000
   salt_so4034                      90.66905651365620    1.000000000000000    0.000000000000000
   salt_so4035                      18.27687554374682    1.000000000000000    0.000000000000000
   salt_so4036                      67.30076395659715    1.000000000000000    0.000000000000000
