single point
    aquf_caco3                      4.838751504812249e-05    1.000000000000000    0.000000000000000
    aquf_caso4                      8.506865812978605e-07    1.000000000000000    0.000000000000000
    aquf_mgso4                      3.769126795093666e-05    1.000000000000000    0.000000000000000
   soil_caco_h                      24.72472683840132    1.000000000000000    0.000000000000000
   soil_caco_l                      12.52498364349205    1.000000000000000    0.000000000000000
   soil_caco_m                      15.98649799690340    1.000000000000000    0.000000000000000
  soil_caco_mh                      17.99166216436489    1.000000000000000    0.000000000000000
  soil_caco_ml                      14.58345292568913    1.000000000000000    0.000000000000000
   soil_caso_h                      5.027663129211980    1.000000000000000    0.000000000000000
   soil_caso_l                      0.1897102537874049    1.000000000000000    0.000000000000000
   soil_caso_m                      1.084875992143653    1.000000000000000    0.000000000000000
  soil_caso_mh                      2.212288105612810    1.000000000000000    0.000000000000000
  soil_caso_ml                      0.5277387888021641    1.000000000000000    0.000000000000000
           p12                      1.610000000000000    1.000000000000000    0.000000000000000
           p15                      2.000000000000000e-05    1.000000000000000    0.000000000000000
           p16                      1.450000000000000    1.000000000000000    0.000000000000000
           p17                      0.5000000000000000    1.000000000000000    0.000000000000000
           p20                      0.4000000000000000    1.000000000000000    0.000000000000000
           p23                      0.003200000000000000    1.000000000000000    0.000000000000000
           p25                      1.000000000000000e-05    1.000000000000000    0.000000000000000
           p40                      1.000000000000000    1.000000000000000    0.000000000000000
           p49                      3.170000000000000    1.000000000000000    0.000000000000000
            p5                      0.1150000000000000    1.000000000000000    0.000000000000000
           p50                      0.3000000000000000    1.000000000000000    0.000000000000000
           p51                      0.9000000000000000    1.000000000000000    0.000000000000000
           p61                      0.1150000000000000    1.000000000000000    0.000000000000000
           p90                      1.000000000000000    1.000000000000000    0.000000000000000
           p91                      0.08720000000000000    1.000000000000000    0.000000000000000
           p92                      2.000000000000000    1.000000000000000    0.000000000000000
   rivbot_rg01                      5.000000000000000    1.000000000000000   -5.000000000000000
   rivbot_rg02                      5.000000000000000    1.000000000000000   -5.000000000000000
   rivbot_rg03                      5.000000000000000    1.000000000000000   -5.000000000000000
   rivbot_rg04                      5.000000000000000    1.000000000000000   -5.000000000000000
   rivbot_rg05                      5.000000000000000    1.000000000000000   -5.000000000000000
    rivcd_rg01                      28.30139847772650    1.000000000000000   -50.00000000000000
    rivcd_rg02                      88.81492171431830    1.000000000000000   -50.00000000000000
    rivcd_rg03                      30.06835556377822    1.000000000000000   -50.00000000000000
    rivcd_rg04                      44.15900415695575    1.000000000000000   -50.00000000000000
    rivcd_rg05                      19.24691016865957    1.000000000000000   -50.00000000000000
    salt_ca000                      21.20092284651725    1.000000000000000    0.000000000000000
    salt_ca001                      168.8503784342085    1.000000000000000    0.000000000000000
    salt_ca002                      32.36309474738195    1.000000000000000    0.000000000000000
    salt_ca003                      273.6370510889639    1.000000000000000    0.000000000000000
    salt_ca004                      235.7050831244884    1.000000000000000    0.000000000000000
    salt_ca005                      25.75243704431811    1.000000000000000    0.000000000000000
    salt_ca006                      360.3177748694731    1.000000000000000    0.000000000000000
    salt_ca007                      248.4654737713855    1.000000000000000    0.000000000000000
    salt_ca008                      39.68542523697070    1.000000000000000    0.000000000000000
    salt_ca009                      159.0734558646022    1.000000000000000    0.000000000000000
    salt_ca010                      129.2080791913989    1.000000000000000    0.000000000000000
    salt_ca011                      126.2356451858306    1.000000000000000    0.000000000000000
    salt_ca012                      119.6077274029094    1.000000000000000    0.000000000000000
    salt_ca013                      92.30716510016698    1.000000000000000    0.000000000000000
    salt_ca014                      189.1530769368388    1.000000000000000    0.000000000000000
    salt_ca015                      126.8078273645779    1.000000000000000    0.000000000000000
    salt_ca016                      697.9722221508666    1.000000000000000    0.000000000000000
    salt_ca017                      315.9962902720433    1.000000000000000    0.000000000000000
    salt_ca018                      80.06610832348075    1.000000000000000    0.000000000000000
    salt_ca019                      53.18017506576668    1.000000000000000    0.000000000000000
    salt_ca020                      73.08172288500026    1.000000000000000    0.000000000000000
    salt_ca021                      1211.622504614889    1.000000000000000    0.000000000000000
    salt_ca022                      232.5284627601946    1.000000000000000    0.000000000000000
    salt_ca023                      253.3192669408379    1.000000000000000    0.000000000000000
    salt_ca024                      85.25413462929649    1.000000000000000    0.000000000000000
    salt_ca025                      107.7996073862217    1.000000000000000    0.000000000000000
    salt_ca026                      492.4135872348091    1.000000000000000    0.000000000000000
    salt_ca027                      190.7764174631976    1.000000000000000    0.000000000000000
    salt_ca028                      19.60619054369776    1.000000000000000    0.000000000000000
    salt_ca029                      132.3539821722863    1.000000000000000    0.000000000000000
    salt_ca030                      46.28952488173645    1.000000000000000    0.000000000000000
    salt_ca031                      148.7064721351281    1.000000000000000    0.000000000000000
    salt_ca032                      71.00316010443154    1.000000000000000    0.000000000000000
    salt_ca033                      130.8792498939253    1.000000000000000    0.000000000000000
    salt_ca034                      46.99513772017914    1.000000000000000    0.000000000000000
    salt_ca035                      17.48325794793052    1.000000000000000    0.000000000000000
    salt_ca036                      491.2326789526941    1.000000000000000    0.000000000000000
    salt_cl000                      117.4681719205809    1.000000000000000    0.000000000000000
    salt_cl001                      187.9212546998565    1.000000000000000    0.000000000000000
    salt_cl002                      274.7696799150849    1.000000000000000    0.000000000000000
    salt_cl003                      139.4082709516779    1.000000000000000    0.000000000000000
    salt_cl004                      97.04015033792891    1.000000000000000    0.000000000000000
    salt_cl005                      128.0859814511223    1.000000000000000    0.000000000000000
    salt_cl006                      52.74291383054859    1.000000000000000    0.000000000000000
    salt_cl007                      323.1388444089222    1.000000000000000    0.000000000000000
    salt_cl008                      116.7221554803265    1.000000000000000    0.000000000000000
    salt_cl009                      219.4756327786949    1.000000000000000    0.000000000000000
    salt_cl010                      104.8139231922127    1.000000000000000    0.000000000000000
    salt_cl011                      385.9973569102606    1.000000000000000    0.000000000000000
    salt_cl012                      132.4958734830082    1.000000000000000    0.000000000000000
    salt_cl013                      151.2894500383545    1.000000000000000    0.000000000000000
    salt_cl014                      40.40195714705778    1.000000000000000    0.000000000000000
    salt_cl015                      242.7297465324490    1.000000000000000    0.000000000000000
    salt_cl016                      58.74332193646377    1.000000000000000    0.000000000000000
    salt_cl017                      82.53277414312160    1.000000000000000    0.000000000000000
    salt_cl018                      137.0185234609995    1.000000000000000    0.000000000000000
    salt_cl019                      207.3889082264129    1.000000000000000    0.000000000000000
    salt_cl020                      56.27985017088022    1.000000000000000    0.000000000000000
    salt_cl021                      103.5503443815189    1.000000000000000    0.000000000000000
    salt_cl022                      47.29161996743235    1.000000000000000    0.000000000000000
    salt_cl023                      146.2106040189626    1.000000000000000    0.000000000000000
    salt_cl024                      74.17796044993807    1.000000000000000    0.000000000000000
    salt_cl025                      144.3855710863544    1.000000000000000    0.000000000000000
    salt_cl026                      71.06527778815153    1.000000000000000    0.000000000000000
    salt_cl027                      198.5093577757344    1.000000000000000    0.000000000000000
    salt_cl028                      87.06748190743247    1.000000000000000    0.000000000000000
    salt_cl029                      93.56630274812812    1.000000000000000    0.000000000000000
    salt_cl030                      46.11449801189645    1.000000000000000    0.000000000000000
    salt_cl031                      93.69403324833613    1.000000000000000    0.000000000000000
    salt_cl032                      251.2596212406604    1.000000000000000    0.000000000000000
    salt_cl033                      142.7656290504685    1.000000000000000    0.000000000000000
    salt_cl034                      283.7121372670354    1.000000000000000    0.000000000000000
    salt_cl035                      77.14274326637030    1.000000000000000    0.000000000000000
    salt_cl036                      328.4442022654280    1.000000000000000    0.000000000000000
   salt_co3000                      3.415295298910828    1.000000000000000    0.000000000000000
   salt_co3001                      7.222864052036642    1.000000000000000    0.000000000000000
   salt_co3002                      4.468931729755560    1.000000000000000    0.000000000000000
   salt_co3003                      3.188576239910605    1.000000000000000    0.000000000000000
   salt_co3004                      9.734835423593770    1.000000000000000    0.000000000000000
   salt_co3005                      1.861478807819873    1.000000000000000    0.000000000000000
   salt_co3006                      1.892789556382209    1.000000000000000    0.000000000000000
   salt_co3007                      4.396584158566385    1.000000000000000    0.000000000000000
   salt_co3008                      16.09160006877968    1.000000000000000    0.000000000000000
   salt_co3009                      2.698927811625104    1.000000000000000    0.000000000000000
   salt_co3010                      4.908039966733911    1.000000000000000    0.000000000000000
   salt_co3011                      4.400790885846465    1.000000000000000    0.000000000000000
   salt_co3012                      2.626369398158748    1.000000000000000    0.000000000000000
   salt_co3013                      6.254110382024314    1.000000000000000    0.000000000000000
   salt_co3014                      2.390662542528962    1.000000000000000    0.000000000000000
   salt_co3015                      8.122171583136742    1.000000000000000    0.000000000000000
   salt_co3016                      3.971026786019191    1.000000000000000    0.000000000000000
   salt_co3017                      3.898808675877421    1.000000000000000    0.000000000000000
   salt_co3018                      11.65768169438232    1.000000000000000    0.000000000000000
   salt_co3019                      5.311173871396686    1.000000000000000    0.000000000000000
   salt_co3020                      0.9784529524679496    1.000000000000000    0.000000000000000
   salt_co3021                      0.9080299771117006    1.000000000000000    0.000000000000000
   salt_co3022                      7.738413380386835    1.000000000000000    0.000000000000000
   salt_co3023                      4.334181647766132    1.000000000000000    0.000000000000000
   salt_co3024                      3.570632352079500    1.000000000000000    0.000000000000000
   salt_co3025                      7.984407546715338    1.000000000000000    0.000000000000000
   salt_co3026                      0.6705563445185437    1.000000000000000    0.000000000000000
   salt_co3027                      4.146356488528654    1.000000000000000    0.000000000000000
   salt_co3028                      4.757994523960391    1.000000000000000    0.000000000000000
   salt_co3029                      2.136893876034803    1.000000000000000    0.000000000000000
   salt_co3030                      3.552247474379614    1.000000000000000    0.000000000000000
   salt_co3031                      6.979466729132471    1.000000000000000    0.000000000000000
   salt_co3032                      3.362529715592343    1.000000000000000    0.000000000000000
   salt_co3033                      2.335365821675996    1.000000000000000    0.000000000000000
   salt_co3034                      4.055546562116618    1.000000000000000    0.000000000000000
   salt_co3035                      5.127526452473620    1.000000000000000    0.000000000000000
   salt_co3036                      1.320686900181536    1.000000000000000    0.000000000000000
  salt_hco3000                      289.0327601362955    1.000000000000000    0.000000000000000
  salt_hco3001                      39.64270940258826    1.000000000000000    0.000000000000000
  salt_hco3002                      81.70850535480285    1.000000000000000    0.000000000000000
  salt_hco3003                      248.8339131612725    1.000000000000000    0.000000000000000
  salt_hco3004                      543.6500978317425    1.000000000000000    0.000000000000000
  salt_hco3005                      2619.249591942512    1.000000000000000    0.000000000000000
  salt_hco3006                      178.5106425072166    1.000000000000000    0.000000000000000
  salt_hco3007                      57.79897192177616    1.000000000000000    0.000000000000000
  salt_hco3008                      136.8735258920420    1.000000000000000    0.000000000000000
  salt_hco3009                      2637.831079929942    1.000000000000000    0.000000000000000
  salt_hco3010                      336.8009060343052    1.000000000000000    0.000000000000000
  salt_hco3011                      349.5578075104993    1.000000000000000    0.000000000000000
  salt_hco3012                      715.0845603394214    1.000000000000000    0.000000000000000
  salt_hco3013                      52.61258006461367    1.000000000000000    0.000000000000000
  salt_hco3014                      36.22580749295216    1.000000000000000    0.000000000000000
  salt_hco3015                      188.6385649044869    1.000000000000000    0.000000000000000
  salt_hco3016                      3008.744869094186    1.000000000000000    0.000000000000000
  salt_hco3017                      9016.130073850341    1.000000000000000    0.000000000000000
  salt_hco3018                      226.6808499884476    1.000000000000000    0.000000000000000
  salt_hco3019                      444.6587561777042    1.000000000000000    0.000000000000000
  salt_hco3020                      737.6937572694274    1.000000000000000    0.000000000000000
  salt_hco3021                      3260.895697243353    1.000000000000000    0.000000000000000
  salt_hco3022                      47.97541307130346    1.000000000000000    0.000000000000000
  salt_hco3023                      853.3802884258046    1.000000000000000    0.000000000000000
  salt_hco3024                      100.1373601214042    1.000000000000000    0.000000000000000
  salt_hco3025                      101.1019780527287    1.000000000000000    0.000000000000000
  salt_hco3026                      98.67341209240485    1.000000000000000    0.000000000000000
  salt_hco3027                      82.67542489565933    1.000000000000000    0.000000000000000
  salt_hco3028                      75.55581419652542    1.000000000000000    0.000000000000000
  salt_hco3029                      113.8700191160485    1.000000000000000    0.000000000000000
  salt_hco3030                      179.7182668776479    1.000000000000000    0.000000000000000
  salt_hco3031                      133.0567947022833    1.000000000000000    0.000000000000000
  salt_hco3032                      311.7455361235873    1.000000000000000    0.000000000000000
  salt_hco3033                      1081.105100861883    1.000000000000000    0.000000000000000
  salt_hco3034                      194.1477384649571    1.000000000000000    0.000000000000000
  salt_hco3035                      171.3701464610416    1.000000000000000    0.000000000000000
  salt_hco3036                      1369.094760116971    1.000000000000000    0.000000000000000
     salt_k000                      4.361189216761659    1.000000000000000    0.000000000000000
     salt_k001                      2.908933951859498    1.000000000000000    0.000000000000000
     salt_k002                      1.003845193357428    1.000000000000000    0.000000000000000
     salt_k003                      2.687782179327425    1.000000000000000    0.000000000000000
     salt_k004                      1.525966436492832    1.000000000000000    0.000000000000000
     salt_k005                      2.465586641435582    1.000000000000000    0.000000000000000
     salt_k006                      0.9993309753450657    1.000000000000000    0.000000000000000
     salt_k007                      1.093249894442498    1.000000000000000    0.000000000000000
     salt_k008                      5.096467115139985    1.000000000000000    0.000000000000000
     salt_k009                      3.214723351381819    1.000000000000000    0.000000000000000
     salt_k010                      0.4084682409494655    1.000000000000000    0.000000000000000
     salt_k011                      6.536676657921590    1.000000000000000    0.000000000000000
     salt_k012                      1.596811486863600    1.000000000000000    0.000000000000000
     salt_k013                      2.790801161103550    1.000000000000000    0.000000000000000
     salt_k014                      3.483618038797970    1.000000000000000    0.000000000000000
     salt_k015                      6.962461885614396    1.000000000000000    0.000000000000000
     salt_k016                      0.8688123531637810    1.000000000000000    0.000000000000000
     salt_k017                      1.875866169381874    1.000000000000000    0.000000000000000
     salt_k018                      1.940414468806454    1.000000000000000    0.000000000000000
     salt_k019                      1.451344588437809    1.000000000000000    0.000000000000000
     salt_k020                      1.500441260312711    1.000000000000000    0.000000000000000
     salt_k021                      3.026141613202703    1.000000000000000    0.000000000000000
     salt_k022                      1.831169889998344    1.000000000000000    0.000000000000000
     salt_k023                      2.938311438232971    1.000000000000000    0.000000000000000
     salt_k024                      6.224537111853311    1.000000000000000    0.000000000000000
     salt_k025                      10.62349218653926    1.000000000000000    0.000000000000000
     salt_k026                      1.048947407685599    1.000000000000000    0.000000000000000
     salt_k027                      1.038987082784472    1.000000000000000    0.000000000000000
     salt_k028                      0.5205029059694252    1.000000000000000    0.000000000000000
     salt_k029                      7.538726354282183    1.000000000000000    0.000000000000000
     salt_k030                      3.187903685787982    1.000000000000000    0.000000000000000
     salt_k031                      1.728436889611305    1.000000000000000    0.000000000000000
     salt_k032                      2.564316487272494    1.000000000000000    0.000000000000000
     salt_k033                      0.4465736289843969    1.000000000000000    0.000000000000000
     salt_k034                      2.568792218704135    1.000000000000000    0.000000000000000
     salt_k035                      1.996092981094781    1.000000000000000    0.000000000000000
     salt_k036                      1.333269048490580    1.000000000000000    0.000000000000000
    salt_mg000                      17.08621849324015    1.000000000000000    0.000000000000000
    salt_mg001                      7.012841694321111    1.000000000000000    0.000000000000000
    salt_mg002                      4.290652849448642    1.000000000000000    0.000000000000000
    salt_mg003                      24.75890269413902    1.000000000000000    0.000000000000000
    salt_mg004                      36.97704475744012    1.000000000000000    0.000000000000000
    salt_mg005                      60.46193158410025    1.000000000000000    0.000000000000000
    salt_mg006                      41.18708740849834    1.000000000000000    0.000000000000000
    salt_mg007                      10.15179281015012    1.000000000000000    0.000000000000000
    salt_mg008                      10.10746697157852    1.000000000000000    0.000000000000000
    salt_mg009                      40.80741012631630    1.000000000000000    0.000000000000000
    salt_mg010                      2.291333934524942    1.000000000000000    0.000000000000000
    salt_mg011                      26.94793793647776    1.000000000000000    0.000000000000000
    salt_mg012                      14.77437839988531    1.000000000000000    0.000000000000000
    salt_mg013                      7.592239172023853    1.000000000000000    0.000000000000000
    salt_mg014                      3.619513693805703    1.000000000000000    0.000000000000000
    salt_mg015                      58.15606387872359    1.000000000000000    0.000000000000000
    salt_mg016                      22.13132323594338    1.000000000000000    0.000000000000000
    salt_mg017                      53.28670026567484    1.000000000000000    0.000000000000000
    salt_mg018                      60.54165553822682    1.000000000000000    0.000000000000000
    salt_mg019                      6.094593001853412    1.000000000000000    0.000000000000000
    salt_mg020                      7.477718565153412    1.000000000000000    0.000000000000000
    salt_mg021                      14.64728928475104    1.000000000000000    0.000000000000000
    salt_mg022                      6.298108810813905    1.000000000000000    0.000000000000000
    salt_mg023                      14.46700518829248    1.000000000000000    0.000000000000000
    salt_mg024                      13.43014707889969    1.000000000000000    0.000000000000000
    salt_mg025                      39.49193638373427    1.000000000000000    0.000000000000000
    salt_mg026                      83.45417675937477    1.000000000000000    0.000000000000000
    salt_mg027                      7.621999130260226    1.000000000000000    0.000000000000000
    salt_mg028                      368.5277507376376    1.000000000000000    0.000000000000000
    salt_mg029                      4.036582068987605    1.000000000000000    0.000000000000000
    salt_mg030                      47.67062937080587    1.000000000000000    0.000000000000000
    salt_mg031                      6.744418932542795    1.000000000000000    0.000000000000000
    salt_mg032                      4.371298630290794    1.000000000000000    0.000000000000000
    salt_mg033                      93.67199886837584    1.000000000000000    0.000000000000000
    salt_mg034                      12.92782826767552    1.000000000000000    0.000000000000000
    salt_mg035                      15.03496358345167    1.000000000000000    0.000000000000000
    salt_mg036                      36.48101083829834    1.000000000000000    0.000000000000000
    salt_na000                      164.6293761935088    1.000000000000000    0.000000000000000
    salt_na001                      92.18160327382967    1.000000000000000    0.000000000000000
    salt_na002                      61.31583850049048    1.000000000000000    0.000000000000000
    salt_na003                      184.4196587516802    1.000000000000000    0.000000000000000
    salt_na004                      253.2626306306167    1.000000000000000    0.000000000000000
    salt_na005                      563.5350516523399    1.000000000000000    0.000000000000000
    salt_na006                      141.5938566624171    1.000000000000000    0.000000000000000
    salt_na007                      217.1706705548953    1.000000000000000    0.000000000000000
    salt_na008                      328.6312782022054    1.000000000000000    0.000000000000000
    salt_na009                      126.9664993168615    1.000000000000000    0.000000000000000
    salt_na010                      241.2224948062852    1.000000000000000    0.000000000000000
    salt_na011                      128.0479221197649    1.000000000000000    0.000000000000000
    salt_na012                      175.8453569090732    1.000000000000000    0.000000000000000
    salt_na013                      179.8454558299350    1.000000000000000    0.000000000000000
    salt_na014                      280.3255999266960    1.000000000000000    0.000000000000000
    salt_na015                      128.3166263554228    1.000000000000000    0.000000000000000
    salt_na016                      112.3275695205609    1.000000000000000    0.000000000000000
    salt_na017                      146.8061043671588    1.000000000000000    0.000000000000000
    salt_na018                      212.8963104559299    1.000000000000000    0.000000000000000
    salt_na019                      147.1610698004565    1.000000000000000    0.000000000000000
    salt_na020                      46.52184809639689    1.000000000000000    0.000000000000000
    salt_na021                      74.59391110094104    1.000000000000000    0.000000000000000
    salt_na022                      58.92478323316545    1.000000000000000    0.000000000000000
    salt_na023                      529.8047677923868    1.000000000000000    0.000000000000000
    salt_na024                      72.62895942370523    1.000000000000000    0.000000000000000
    salt_na025                      125.2361920911086    1.000000000000000    0.000000000000000
    salt_na026                      442.2404197295519    1.000000000000000    0.000000000000000
    salt_na027                      263.5206289144369    1.000000000000000    0.000000000000000
    salt_na028                      36.02108326390410    1.000000000000000    0.000000000000000
    salt_na029                      284.6262798790529    1.000000000000000    0.000000000000000
    salt_na030                      280.6215318951923    1.000000000000000    0.000000000000000
    salt_na031                      164.9131844069853    1.000000000000000    0.000000000000000
    salt_na032                      149.1992148406532    1.000000000000000    0.000000000000000
    salt_na033                      313.5927069659208    1.000000000000000    0.000000000000000
    salt_na034                      114.7997802269328    1.000000000000000    0.000000000000000
    salt_na035                      42.61558470271795    1.000000000000000    0.000000000000000
    salt_na036                      33.44810051741705    1.000000000000000    0.000000000000000
   salt_so4000                      598.5369834062988    1.000000000000000    0.000000000000000
   salt_so4001                      100.9838669845182    1.000000000000000    0.000000000000000
   salt_so4002                      502.5273136933068    1.000000000000000    0.000000000000000
   salt_so4003                      455.2092235411301    1.000000000000000    0.000000000000000
   salt_so4004                      426.6060265509976    1.000000000000000    0.000000000000000
   salt_so4005                      321.4740368844584    1.000000000000000    0.000000000000000
   salt_so4006                      43.52498721270176    1.000000000000000    0.000000000000000
   salt_so4007                      154.7333496525484    1.000000000000000    0.000000000000000
   salt_so4008                      985.9103028555154    1.000000000000000    0.000000000000000
   salt_so4009                      1499.825468451858    1.000000000000000    0.000000000000000
   salt_so4010                      75.21797810212080    1.000000000000000    0.000000000000000
   salt_so4011                      165.0765455339134    1.000000000000000    0.000000000000000
   salt_so4012                      334.4112285504789    1.000000000000000    0.000000000000000
   salt_so4013                      257.5162628501868    1.000000000000000    0.000000000000000
   salt_so4014                      160.7167809851626    1.000000000000000    0.000000000000000
   salt_so4015                      288.8103303087962    1.000000000000000    0.000000000000000
   salt_so4016                      171.9262582989521    1.000000000000000    0.000000000000000
   salt_so4017                      2793.934243831616    1.000000000000000    0.000000000000000
   salt_so4018                      261.1285849483943    1.000000000000000    0.000000000000000
   salt_so4019                      1274.056596754879    1.000000000000000    0.000000000000000
   salt_so4020                      63.33497037106574    1.000000000000000    0.000000000000000
   salt_so4021                      214.6176554196103    1.000000000000000    0.000000000000000
   salt_so4022                      95.45915466540899    1.000000000000000    0.000000000000000
   salt_so4023                      276.5640144857329    1.000000000000000    0.000000000000000
   salt_so4024                      159.9480973212943    1.000000000000000    0.000000000000000
   salt_so4025                      45.83060467612982    1.000000000000000    0.000000000000000
   salt_so4026                      128.7186660473201    1.000000000000000    0.000000000000000
   salt_so4027                      420.1333800437729    1.000000000000000    0.000000000000000
   salt_so4028                      380.0683547471320    1.000000000000000    0.000000000000000
   salt_so4029                      174.8129813236101    1.000000000000000    0.000000000000000
   salt_so4030                      191.2941835568637    1.000000000000000    0.000000000000000
   salt_so4031                      21.32975754798007    1.000000000000000    0.000000000000000
   salt_so4032                      523.1647231837430    1.000000000000000    0.000000000000000
   salt_so4033                      304.3952681595641    1.000000000000000    0.000000000000000
   salt_so4034                      85.69159617357280    1.000000000000000    0.000000000000000
   salt_so4035                      18.53612809187879    1.000000000000000    0.000000000000000
   salt_so4036                      65.73191931781449    1.000000000000000    0.000000000000000
