single point
    aquf_caco3                      1.003493419950039e-05    1.000000000000000    0.000000000000000
    aquf_caso4                      7.235682138528056e-06    1.000000000000000    0.000000000000000
    aquf_mgso4                      3.740472038243339e-05    1.000000000000000    0.000000000000000
   soil_caco_h                      25.03883956490610    1.000000000000000    0.000000000000000
   soil_caco_l                      12.56628116330110    1.000000000000000    0.000000000000000
   soil_caco_m                      15.98108975553788    1.000000000000000    0.000000000000000
  soil_caco_mh                      17.74553158066002    1.000000000000000    0.000000000000000
  soil_caco_ml                      14.59905709562921    1.000000000000000    0.000000000000000
   soil_caso_h                      4.892666526602666    1.000000000000000    0.000000000000000
   soil_caso_l                      0.1821098692034138    1.000000000000000    0.000000000000000
   soil_caso_m                      1.085985420372222    1.000000000000000    0.000000000000000
  soil_caso_mh                      2.141807424498677    1.000000000000000    0.000000000000000
  soil_caso_ml                      0.5283605954189187    1.000000000000000    0.000000000000000
           p12                      1.610000000000000    1.000000000000000    0.000000000000000
           p15                      2.000000000000000e-05    1.000000000000000    0.000000000000000
           p16                      1.450000000000000    1.000000000000000    0.000000000000000
           p17                      0.5000000000000000    1.000000000000000    0.000000000000000
           p20                      0.4000000000000000    1.000000000000000    0.000000000000000
           p23                      0.003200000000000000    1.000000000000000    0.000000000000000
           p25                      1.000000000000000e-05    1.000000000000000    0.000000000000000
           p40                      1.000000000000000    1.000000000000000    0.000000000000000
           p49                      3.170000000000000    1.000000000000000    0.000000000000000
            p5                      0.1150000000000000    1.000000000000000    0.000000000000000
           p50                      0.3000000000000000    1.000000000000000    0.000000000000000
           p51                      0.9000000000000000    1.000000000000000    0.000000000000000
           p61                      0.1150000000000000    1.000000000000000    0.000000000000000
           p90                      1.000000000000000    1.000000000000000    0.000000000000000
           p91                      0.08720000000000000    1.000000000000000    0.000000000000000
           p92                      2.000000000000000    1.000000000000000    0.000000000000000
   rivbot_rg01                      5.000000000000000    1.000000000000000   -5.000000000000000
   rivbot_rg02                      5.000000000000000    1.000000000000000   -5.000000000000000
   rivbot_rg03                      5.000000000000000    1.000000000000000   -5.000000000000000
   rivbot_rg04                      5.000000000000000    1.000000000000000   -5.000000000000000
   rivbot_rg05                      5.000000000000000    1.000000000000000   -5.000000000000000
    rivcd_rg01                      24.02468979483204    1.000000000000000   -50.00000000000000
    rivcd_rg02                      100.0000000000000    1.000000000000000   -50.00000000000000
    rivcd_rg03                      34.56297667166179    1.000000000000000   -50.00000000000000
    rivcd_rg04                      46.27262728965876    1.000000000000000   -50.00000000000000
    rivcd_rg05                      17.31784553801537    1.000000000000000   -50.00000000000000
    salt_ca000                      33.44404081146102    1.000000000000000    0.000000000000000
    salt_ca001                      254.4262150733771    1.000000000000000    0.000000000000000
    salt_ca002                      78.83923220830545    1.000000000000000    0.000000000000000
    salt_ca003                      141.0008358297386    1.000000000000000    0.000000000000000
    salt_ca004                      310.6516762657234    1.000000000000000    0.000000000000000
    salt_ca005                      44.20455560716456    1.000000000000000    0.000000000000000
    salt_ca006                      196.8812074401628    1.000000000000000    0.000000000000000
    salt_ca007                      225.5498711929363    1.000000000000000    0.000000000000000
    salt_ca008                      64.30579957887639    1.000000000000000    0.000000000000000
    salt_ca009                      90.87123094461712    1.000000000000000    0.000000000000000
    salt_ca010                      180.7037421241756    1.000000000000000    0.000000000000000
    salt_ca011                      126.2355535803920    1.000000000000000    0.000000000000000
    salt_ca012                      113.4482891832963    1.000000000000000    0.000000000000000
    salt_ca013                      58.04028582050572    1.000000000000000    0.000000000000000
    salt_ca014                      140.6313038325340    1.000000000000000    0.000000000000000
    salt_ca015                      84.75445214010229    1.000000000000000    0.000000000000000
    salt_ca016                      600.7157859309079    1.000000000000000    0.000000000000000
    salt_ca017                      233.2864670856360    1.000000000000000    0.000000000000000
    salt_ca018                      88.76286853678053    1.000000000000000    0.000000000000000
    salt_ca019                      85.73659198174259    1.000000000000000    0.000000000000000
    salt_ca020                      117.5191457077450    1.000000000000000    0.000000000000000
    salt_ca021                      457.7674651594684    1.000000000000000    0.000000000000000
    salt_ca022                      188.6543830551508    1.000000000000000    0.000000000000000
    salt_ca023                      225.2261352850435    1.000000000000000    0.000000000000000
    salt_ca024                      81.26825476642453    1.000000000000000    0.000000000000000
    salt_ca025                      63.86811303928566    1.000000000000000    0.000000000000000
    salt_ca026                      455.1206009251694    1.000000000000000    0.000000000000000
    salt_ca027                      117.9458109083820    1.000000000000000    0.000000000000000
    salt_ca028                      36.86799852755704    1.000000000000000    0.000000000000000
    salt_ca029                      102.4010863644922    1.000000000000000    0.000000000000000
    salt_ca030                      100.4835217629255    1.000000000000000    0.000000000000000
    salt_ca031                      170.5846115837905    1.000000000000000    0.000000000000000
    salt_ca032                      73.16328413839678    1.000000000000000    0.000000000000000
    salt_ca033                      175.5275709924045    1.000000000000000    0.000000000000000
    salt_ca034                      76.76067608478841    1.000000000000000    0.000000000000000
    salt_ca035                      28.66802936344217    1.000000000000000    0.000000000000000
    salt_ca036                      302.8970919121916    1.000000000000000    0.000000000000000
    salt_cl000                      130.0528980201519    1.000000000000000    0.000000000000000
    salt_cl001                      246.8292808874114    1.000000000000000    0.000000000000000
    salt_cl002                      339.8660312408887    1.000000000000000    0.000000000000000
    salt_cl003                      131.4116415678639    1.000000000000000    0.000000000000000
    salt_cl004                      101.2271394982641    1.000000000000000    0.000000000000000
    salt_cl005                      144.9999205002515    1.000000000000000    0.000000000000000
    salt_cl006                      43.07867883942900    1.000000000000000    0.000000000000000
    salt_cl007                      285.1064580427503    1.000000000000000    0.000000000000000
    salt_cl008                      224.4355606615916    1.000000000000000    0.000000000000000
    salt_cl009                      270.3212416548753    1.000000000000000    0.000000000000000
    salt_cl010                      114.9846324500271    1.000000000000000    0.000000000000000
    salt_cl011                      248.4438761283465    1.000000000000000    0.000000000000000
    salt_cl012                      118.0238744742911    1.000000000000000    0.000000000000000
    salt_cl013                      85.00221215164110    1.000000000000000    0.000000000000000
    salt_cl014                      92.22068016033707    1.000000000000000    0.000000000000000
    salt_cl015                      308.2441726719845    1.000000000000000    0.000000000000000
    salt_cl016                      73.14410865196614    1.000000000000000    0.000000000000000
    salt_cl017                      75.60913501334902    1.000000000000000    0.000000000000000
    salt_cl018                      132.1304249833622    1.000000000000000    0.000000000000000
    salt_cl019                      209.0292837099809    1.000000000000000    0.000000000000000
    salt_cl020                      111.1796601557749    1.000000000000000    0.000000000000000
    salt_cl021                      97.35293348753578    1.000000000000000    0.000000000000000
    salt_cl022                      56.27912330054986    1.000000000000000    0.000000000000000
    salt_cl023                      199.8733870424151    1.000000000000000    0.000000000000000
    salt_cl024                      118.2865098092182    1.000000000000000    0.000000000000000
    salt_cl025                      181.3997253848060    1.000000000000000    0.000000000000000
    salt_cl026                      52.57456911400572    1.000000000000000    0.000000000000000
    salt_cl027                      195.9619291484732    1.000000000000000    0.000000000000000
    salt_cl028                      145.7708843262749    1.000000000000000    0.000000000000000
    salt_cl029                      81.73638523046256    1.000000000000000    0.000000000000000
    salt_cl030                      49.42144478815837    1.000000000000000    0.000000000000000
    salt_cl031                      120.1705392024769    1.000000000000000    0.000000000000000
    salt_cl032                      233.6431384735556    1.000000000000000    0.000000000000000
    salt_cl033                      216.2680275808405    1.000000000000000    0.000000000000000
    salt_cl034                      179.6903227811488    1.000000000000000    0.000000000000000
    salt_cl035                      81.22340319337658    1.000000000000000    0.000000000000000
    salt_cl036                      271.5935019786582    1.000000000000000    0.000000000000000
   salt_co3000                      2.536701525683926    1.000000000000000    0.000000000000000
   salt_co3001                      5.209727427232584    1.000000000000000    0.000000000000000
   salt_co3002                      2.852891772280559    1.000000000000000    0.000000000000000
   salt_co3003                      4.067184884610176    1.000000000000000    0.000000000000000
   salt_co3004                      4.679057038272805    1.000000000000000    0.000000000000000
   salt_co3005                      2.957933599835329    1.000000000000000    0.000000000000000
   salt_co3006                      2.991345675492603    1.000000000000000    0.000000000000000
   salt_co3007                      4.099700797289750    1.000000000000000    0.000000000000000
   salt_co3008                      13.74634434724052    1.000000000000000    0.000000000000000
   salt_co3009                      3.772881864428940    1.000000000000000    0.000000000000000
   salt_co3010                      3.662050320484429    1.000000000000000    0.000000000000000
   salt_co3011                      5.041383172179222    1.000000000000000    0.000000000000000
   salt_co3012                      2.279757202546198    1.000000000000000    0.000000000000000
   salt_co3013                      8.224646231648395    1.000000000000000    0.000000000000000
   salt_co3014                      1.715920115566606    1.000000000000000    0.000000000000000
   salt_co3015                      16.41070579173666    1.000000000000000    0.000000000000000
   salt_co3016                      3.667219391336904    1.000000000000000    0.000000000000000
   salt_co3017                      3.767061042976539    1.000000000000000    0.000000000000000
   salt_co3018                      9.898729736125524    1.000000000000000    0.000000000000000
   salt_co3019                      9.823408618248022    1.000000000000000    0.000000000000000
   salt_co3020                      1.087860019491277    1.000000000000000    0.000000000000000
   salt_co3021                      0.8650561841916760    1.000000000000000    0.000000000000000
   salt_co3022                      8.100880639059827    1.000000000000000    0.000000000000000
   salt_co3023                      4.967986914565074    1.000000000000000    0.000000000000000
   salt_co3024                      5.631935457424646    1.000000000000000    0.000000000000000
   salt_co3025                      3.954565598320996    1.000000000000000    0.000000000000000
   salt_co3026                      0.9371097728889248    1.000000000000000    0.000000000000000
   salt_co3027                      3.126147375862360    1.000000000000000    0.000000000000000
   salt_co3028                      3.459435307790208    1.000000000000000    0.000000000000000
   salt_co3029                      1.704164418212208    1.000000000000000    0.000000000000000
   salt_co3030                      3.398923191136278    1.000000000000000    0.000000000000000
   salt_co3031                      4.245619342069524    1.000000000000000    0.000000000000000
   salt_co3032                      5.319929335448659    1.000000000000000    0.000000000000000
   salt_co3033                      2.942417928131698    1.000000000000000    0.000000000000000
   salt_co3034                      3.565917406907025    1.000000000000000    0.000000000000000
   salt_co3035                      6.501146695109961    1.000000000000000    0.000000000000000
   salt_co3036                      1.040892591023248    1.000000000000000    0.000000000000000
  salt_hco3000                      360.8319666859250    1.000000000000000    0.000000000000000
  salt_hco3001                      37.94031154809997    1.000000000000000    0.000000000000000
  salt_hco3002                      111.8613255400713    1.000000000000000    0.000000000000000
  salt_hco3003                      481.6778053065626    1.000000000000000    0.000000000000000
  salt_hco3004                      465.8344582895306    1.000000000000000    0.000000000000000
  salt_hco3005                      2188.303461268875    1.000000000000000    0.000000000000000
  salt_hco3006                      162.5536851721689    1.000000000000000    0.000000000000000
  salt_hco3007                      58.33442467409220    1.000000000000000    0.000000000000000
  salt_hco3008                      118.4717332190723    1.000000000000000    0.000000000000000
  salt_hco3009                      2447.497672495448    1.000000000000000    0.000000000000000
  salt_hco3010                      375.1942815059836    1.000000000000000    0.000000000000000
  salt_hco3011                      239.8156104529944    1.000000000000000    0.000000000000000
  salt_hco3012                      1051.817040536089    1.000000000000000    0.000000000000000
  salt_hco3013                      89.63725324491477    1.000000000000000    0.000000000000000
  salt_hco3014                      76.05851247566837    1.000000000000000    0.000000000000000
  salt_hco3015                      200.6880471017705    1.000000000000000    0.000000000000000
  salt_hco3016                      2268.347509705755    1.000000000000000    0.000000000000000
  salt_hco3017                      4581.246416149873    1.000000000000000    0.000000000000000
  salt_hco3018                      200.1891724574462    1.000000000000000    0.000000000000000
  salt_hco3019                      591.1758670016862    1.000000000000000    0.000000000000000
  salt_hco3020                      576.0104446834720    1.000000000000000    0.000000000000000
  salt_hco3021                      2524.278873693951    1.000000000000000    0.000000000000000
  salt_hco3022                      82.03157970945681    1.000000000000000    0.000000000000000
  salt_hco3023                      948.2665777861728    1.000000000000000    0.000000000000000
  salt_hco3024                      119.5094824314885    1.000000000000000    0.000000000000000
  salt_hco3025                      144.3220526533803    1.000000000000000    0.000000000000000
  salt_hco3026                      116.4555095773953    1.000000000000000    0.000000000000000
  salt_hco3027                      116.3546713916641    1.000000000000000    0.000000000000000
  salt_hco3028                      101.1901969437660    1.000000000000000    0.000000000000000
  salt_hco3029                      150.9629673002513    1.000000000000000    0.000000000000000
  salt_hco3030                      219.5057725598778    1.000000000000000    0.000000000000000
  salt_hco3031                      94.01515932984287    1.000000000000000    0.000000000000000
  salt_hco3032                      369.8550123218961    1.000000000000000    0.000000000000000
  salt_hco3033                      1573.731819311186    1.000000000000000    0.000000000000000
  salt_hco3034                      276.7960717200833    1.000000000000000    0.000000000000000
  salt_hco3035                      185.1449215477718    1.000000000000000    0.000000000000000
  salt_hco3036                      815.7210170784155    1.000000000000000    0.000000000000000
     salt_k000                      3.055615696703033    1.000000000000000    0.000000000000000
     salt_k001                      2.180370174359839    1.000000000000000    0.000000000000000
     salt_k002                      1.282891686587285    1.000000000000000    0.000000000000000
     salt_k003                      1.344933830917314    1.000000000000000    0.000000000000000
     salt_k004                      0.7878371503974607    1.000000000000000    0.000000000000000
     salt_k005                      3.242102445306938    1.000000000000000    0.000000000000000
     salt_k006                      0.7905669159925228    1.000000000000000    0.000000000000000
     salt_k007                      0.9664438615445188    1.000000000000000    0.000000000000000
     salt_k008                      5.522464269860832    1.000000000000000    0.000000000000000
     salt_k009                      1.590997668616757    1.000000000000000    0.000000000000000
     salt_k010                      0.5893192834156152    1.000000000000000    0.000000000000000
     salt_k011                      3.798943997052084    1.000000000000000    0.000000000000000
     salt_k012                      1.669490142883503    1.000000000000000    0.000000000000000
     salt_k013                      3.008668309124912    1.000000000000000    0.000000000000000
     salt_k014                      1.491150696237100    1.000000000000000    0.000000000000000
     salt_k015                      4.158891705986795    1.000000000000000    0.000000000000000
     salt_k016                      0.6092852003371056    1.000000000000000    0.000000000000000
     salt_k017                      1.737993498928351    1.000000000000000    0.000000000000000
     salt_k018                      1.513879614599352    1.000000000000000    0.000000000000000
     salt_k019                      2.008174095923676    1.000000000000000    0.000000000000000
     salt_k020                      1.092416382255167    1.000000000000000    0.000000000000000
     salt_k021                      2.505508277915654    1.000000000000000    0.000000000000000
     salt_k022                      2.672213174217299    1.000000000000000    0.000000000000000
     salt_k023                      2.677222006514030    1.000000000000000    0.000000000000000
     salt_k024                      4.545541824627539    1.000000000000000    0.000000000000000
     salt_k025                      9.806652306875206    1.000000000000000    0.000000000000000
     salt_k026                      1.772710907421516    1.000000000000000    0.000000000000000
     salt_k027                      1.520280014050237    1.000000000000000    0.000000000000000
     salt_k028                      0.8401727345714541    1.000000000000000    0.000000000000000
     salt_k029                      3.224380808655854    1.000000000000000    0.000000000000000
     salt_k030                      2.885086329282454    1.000000000000000    0.000000000000000
     salt_k031                      2.707772652564610    1.000000000000000    0.000000000000000
     salt_k032                      5.016350725893052    1.000000000000000    0.000000000000000
     salt_k033                      0.5722008691271454    1.000000000000000    0.000000000000000
     salt_k034                      4.424839600868944    1.000000000000000    0.000000000000000
     salt_k035                      2.684183208651956    1.000000000000000    0.000000000000000
     salt_k036                      1.687441583714845    1.000000000000000    0.000000000000000
    salt_mg000                      12.49661163948667    1.000000000000000    0.000000000000000
    salt_mg001                      9.549425081218432    1.000000000000000    0.000000000000000
    salt_mg002                      3.393436432155028    1.000000000000000    0.000000000000000
    salt_mg003                      24.73721572642052    1.000000000000000    0.000000000000000
    salt_mg004                      32.34691011248690    1.000000000000000    0.000000000000000
    salt_mg005                      35.86171166563925    1.000000000000000    0.000000000000000
    salt_mg006                      26.39396274166554    1.000000000000000    0.000000000000000
    salt_mg007                      6.870504355374850    1.000000000000000    0.000000000000000
    salt_mg008                      6.611633258044082    1.000000000000000    0.000000000000000
    salt_mg009                      68.24067264525058    1.000000000000000    0.000000000000000
    salt_mg010                      3.528123078800223    1.000000000000000    0.000000000000000
    salt_mg011                      33.87712195865586    1.000000000000000    0.000000000000000
    salt_mg012                      10.99271724044783    1.000000000000000    0.000000000000000
    salt_mg013                      13.14709842869928    1.000000000000000    0.000000000000000
    salt_mg014                      4.830909321393047    1.000000000000000    0.000000000000000
    salt_mg015                      91.46413077003365    1.000000000000000    0.000000000000000
    salt_mg016                      18.69252570702939    1.000000000000000    0.000000000000000
    salt_mg017                      31.18830732285402    1.000000000000000    0.000000000000000
    salt_mg018                      50.88273205369151    1.000000000000000    0.000000000000000
    salt_mg019                      5.324849038771523    1.000000000000000    0.000000000000000
    salt_mg020                      9.866104915061360    1.000000000000000    0.000000000000000
    salt_mg021                      13.89008332998034    1.000000000000000    0.000000000000000
    salt_mg022                      8.332244867617035    1.000000000000000    0.000000000000000
    salt_mg023                      23.65175006179677    1.000000000000000    0.000000000000000
    salt_mg024                      13.65877803732998    1.000000000000000    0.000000000000000
    salt_mg025                      25.74013589818171    1.000000000000000    0.000000000000000
    salt_mg026                      38.75784668370386    1.000000000000000    0.000000000000000
    salt_mg027                      7.536147590620536    1.000000000000000    0.000000000000000
    salt_mg028                      219.7285993367893    1.000000000000000    0.000000000000000
    salt_mg029                      4.945348105170780    1.000000000000000    0.000000000000000
    salt_mg030                      26.69946453662763    1.000000000000000    0.000000000000000
    salt_mg031                      9.754923094422400    1.000000000000000    0.000000000000000
    salt_mg032                      10.37641859162424    1.000000000000000    0.000000000000000
    salt_mg033                      89.40626911791477    1.000000000000000    0.000000000000000
    salt_mg034                      7.303944862650476    1.000000000000000    0.000000000000000
    salt_mg035                      14.35383313827985    1.000000000000000    0.000000000000000
    salt_mg036                      50.10008545112754    1.000000000000000    0.000000000000000
    salt_na000                      177.4119818946195    1.000000000000000    0.000000000000000
    salt_na001                      99.31662218664250    1.000000000000000    0.000000000000000
    salt_na002                      76.67871111078436    1.000000000000000    0.000000000000000
    salt_na003                      150.7554414743354    1.000000000000000    0.000000000000000
    salt_na004                      314.4635616973447    1.000000000000000    0.000000000000000
    salt_na005                      272.3732916766893    1.000000000000000    0.000000000000000
    salt_na006                      251.3445229730036    1.000000000000000    0.000000000000000
    salt_na007                      334.6376272912377    1.000000000000000    0.000000000000000
    salt_na008                      443.4917294252321    1.000000000000000    0.000000000000000
    salt_na009                      144.3004155497173    1.000000000000000    0.000000000000000
    salt_na010                      313.0678874047132    1.000000000000000    0.000000000000000
    salt_na011                      210.9398440405471    1.000000000000000    0.000000000000000
    salt_na012                      158.7363723798713    1.000000000000000    0.000000000000000
    salt_na013                      221.1685819865864    1.000000000000000    0.000000000000000
    salt_na014                      257.7291047808921    1.000000000000000    0.000000000000000
    salt_na015                      131.4494775407363    1.000000000000000    0.000000000000000
    salt_na016                      125.4912196240757    1.000000000000000    0.000000000000000
    salt_na017                      184.2762038954091    1.000000000000000    0.000000000000000
    salt_na018                      155.1203178760901    1.000000000000000    0.000000000000000
    salt_na019                      201.3916811627589    1.000000000000000    0.000000000000000
    salt_na020                      47.05799041201269    1.000000000000000    0.000000000000000
    salt_na021                      102.5940664476441    1.000000000000000    0.000000000000000
    salt_na022                      86.58496445641396    1.000000000000000    0.000000000000000
    salt_na023                      530.4120141788846    1.000000000000000    0.000000000000000
    salt_na024                      61.30786570742470    1.000000000000000    0.000000000000000
    salt_na025                      168.6255241464237    1.000000000000000    0.000000000000000
    salt_na026                      465.4738974081441    1.000000000000000    0.000000000000000
    salt_na027                      252.9156122118804    1.000000000000000    0.000000000000000
    salt_na028                      63.50531447156249    1.000000000000000    0.000000000000000
    salt_na029                      316.9330259359739    1.000000000000000    0.000000000000000
    salt_na030                      236.9728894367817    1.000000000000000    0.000000000000000
    salt_na031                      122.8920755332828    1.000000000000000    0.000000000000000
    salt_na032                      134.0839465886243    1.000000000000000    0.000000000000000
    salt_na033                      308.1923720897207    1.000000000000000    0.000000000000000
    salt_na034                      182.7654555200038    1.000000000000000    0.000000000000000
    salt_na035                      31.57133274590868    1.000000000000000    0.000000000000000
    salt_na036                      33.36177821839294    1.000000000000000    0.000000000000000
   salt_so4000                      402.7164703700328    1.000000000000000    0.000000000000000
   salt_so4001                      164.6083745304608    1.000000000000000    0.000000000000000
   salt_so4002                      449.8703658382391    1.000000000000000    0.000000000000000
   salt_so4003                      705.4806677308929    1.000000000000000    0.000000000000000
   salt_so4004                      415.6058605589290    1.000000000000000    0.000000000000000
   salt_so4005                      316.7470401205730    1.000000000000000    0.000000000000000
   salt_so4006                      104.4222703112999    1.000000000000000    0.000000000000000
   salt_so4007                      123.8827978209434    1.000000000000000    0.000000000000000
   salt_so4008                      621.4814863847571    1.000000000000000    0.000000000000000
   salt_so4009                      1161.484303497871    1.000000000000000    0.000000000000000
   salt_so4010                      86.13284877394489    1.000000000000000    0.000000000000000
   salt_so4011                      186.1625080964538    1.000000000000000    0.000000000000000
   salt_so4012                      388.6549974360138    1.000000000000000    0.000000000000000
   salt_so4013                      321.1173828368743    1.000000000000000    0.000000000000000
   salt_so4014                      179.2729548920508    1.000000000000000    0.000000000000000
   salt_so4015                      315.5729951658000    1.000000000000000    0.000000000000000
   salt_so4016                      177.5752308154837    1.000000000000000    0.000000000000000
   salt_so4017                      1926.305871732883    1.000000000000000    0.000000000000000
   salt_so4018                      249.1092927197708    1.000000000000000    0.000000000000000
   salt_so4019                      1003.641240228524    1.000000000000000    0.000000000000000
   salt_so4020                      63.03721621808707    1.000000000000000    0.000000000000000
   salt_so4021                      233.6810249409529    1.000000000000000    0.000000000000000
   salt_so4022                      77.50475926893779    1.000000000000000    0.000000000000000
   salt_so4023                      228.9562643039918    1.000000000000000    0.000000000000000
   salt_so4024                      175.5608294177559    1.000000000000000    0.000000000000000
   salt_so4025                      48.86652149065887    1.000000000000000    0.000000000000000
   salt_so4026                      269.2902251574153    1.000000000000000    0.000000000000000
   salt_so4027                      424.5665513211963    1.000000000000000    0.000000000000000
   salt_so4028                      329.9577814917963    1.000000000000000    0.000000000000000
   salt_so4029                      176.8705571401464    1.000000000000000    0.000000000000000
   salt_so4030                      131.1145357789557    1.000000000000000    0.000000000000000
   salt_so4031                      25.00766856339199    1.000000000000000    0.000000000000000
   salt_so4032                      314.5424905757424    1.000000000000000    0.000000000000000
   salt_so4033                      326.3308750383285    1.000000000000000    0.000000000000000
   salt_so4034                      165.4072305531759    1.000000000000000    0.000000000000000
   salt_so4035                      29.65652485253488    1.000000000000000    0.000000000000000
   salt_so4036                      82.48567939913066    1.000000000000000    0.000000000000000
