Input data for APEX Salinity module

Solubility Product parameters
0.0000000030702						!Ksp1: CaCO3
0.0000047937						!Ksp2: MgCO3
0.0003    						!Ksp3: CaSO4
0.007244						!Ksp4: MgSO4
37.3							!Ksp5: NaCl

Initial Concentrations (mg/L) in Soil Water (one row for each SUBAREA): initial concentrations (mg/L) for each ion 
SO4     Ca      Mg      Na      K       Cl      CO3     HCO3
5.83709e+02 1.79849e+02 1.66810e+01 3.82025e+01 1.31214e+00 3.21488e+01 1.81279e+00 1.67404e+02
5.71786e+02 1.82359e+02 1.67757e+01 2.38326e+01 1.35002e+00 1.84262e+01 1.80110e+00 1.54710e+02
6.66033e+02 2.00587e+02 1.74843e+01 1.29969e+01 1.23204e+00 7.20767e+00 1.53028e+00 1.40170e+02
5.02909e+02 1.62622e+02 1.33876e+01 8.08998e+00 1.23559e+00 1.44070e+00 1.19423e+00 1.24688e+02
4.79740e+02 1.64726e+02 1.55169e+01 1.79842e+01 1.42977e+00 1.23221e+01 1.89399e+00 1.61985e+02
4.26010e+02 1.43232e+02 1.20846e+01 2.68766e+01 1.21998e+00 1.69982e+01 1.48155e+00 1.53977e+02
4.94871e+02 1.66107e+02 1.44504e+01 8.53718e+00 1.27866e+00 1.92047e+00 1.53432e+00 1.37025e+02
4.82884e+02 1.58445e+02 1.30168e+01 8.19460e+00 1.23319e+00 1.18507e+00 1.21200e+00 1.26198e+02
4.89949e+02 1.57604e+02 1.28929e+01 1.29447e+01 1.22021e+00 5.64761e+00 1.18452e+00 1.30128e+02
4.85404e+02 1.60642e+02 1.34228e+01 8.28342e+00 1.24159e+00 1.20892e+00 1.31784e+00 1.29751e+02
4.68469e+02 1.55070e+02 1.26794e+01 8.58019e+00 1.22646e+00 1.19703e+00 1.21469e+00 1.27572e+02
4.59133e+02 1.53985e+02 1.27033e+01 8.80105e+00 1.22736e+00 1.15372e+00 1.28711e+00 1.31002e+02
4.21889e+02 1.47142e+02 1.23725e+01 1.23519e+01 1.17419e+00 2.28624e+00 1.57922e+00 1.53593e+02
3.81196e+02 1.35890e+02 1.12994e+01 2.76962e+01 1.11193e+00 1.20025e+01 1.85667e+00 1.79352e+02
3.90582e+02 1.48344e+02 1.92898e+01 4.00309e+01 1.73961e+00 3.31334e+01 2.41656e+00 2.70468e+02
3.87303e+02 1.48312e+02 2.16935e+01 5.92570e+01 1.74835e+00 5.34694e+01 2.40355e+00 2.49214e+02
4.06027e+02 1.49945e+02 1.62070e+01 2.05696e+01 1.58950e+00 1.54303e+01 2.21315e+00 1.98537e+02
4.06842e+02 1.49425e+02 1.47762e+01 1.39781e+01 1.36206e+00 7.96938e+00 2.02507e+00 1.79930e+02
3.63147e+02 1.35972e+02 1.19826e+01 1.84421e+01 1.13794e+00 4.47891e+00 2.07199e+00 1.92317e+02
2.83432e+02 1.18669e+02 1.24019e+01 2.67724e+01 1.42302e+00 1.65232e+01 2.31033e+00 2.13511e+02
3.74301e+02 1.42765e+02 1.92369e+01 4.88610e+01 1.61849e+00 4.49378e+01 2.38025e+00 2.17620e+02
3.10620e+02 1.26830e+02 1.78354e+01 5.45672e+01 1.70558e+00 4.45001e+01 2.43386e+00 2.37186e+02
3.05784e+02 1.26268e+02 1.51355e+01 3.16576e+01 1.54032e+00 2.39639e+01 2.36117e+00 2.21909e+02
2.81061e+02 1.22792e+02 2.64808e+01 1.26093e+02 2.27697e+00 9.66203e+01 2.76381e+00 3.59396e+02
2.25256e+02 1.05395e+02 1.67446e+01 6.51366e+01 1.93909e+00 4.92629e+01 2.55445e+00 2.63906e+02
2.01002e+02 9.46599e+01 2.44074e+01 1.55414e+02 2.59921e+00 9.16042e+01 3.66964e+00 4.13669e+02
1.27935e+02 8.17667e+01 1.46657e+01 6.12522e+01 2.13657e+00 5.14448e+01 3.00604e+00 2.77377e+02
2.04895e+02 1.01069e+02 2.30864e+01 1.21486e+02 2.38699e+00 7.97330e+01 2.95334e+00 3.68778e+02
1.70156e+02 9.13037e+01 2.45672e+01 1.36110e+02 2.71122e+00 8.31545e+01 3.16975e+00 4.18575e+02
2.15353e+02 1.03870e+02 2.07021e+01 1.02398e+02 2.14305e+00 7.12590e+01 3.03046e+00 3.29018e+02
1.04064e+02 7.84929e+01 1.68153e+01 8.20822e+01 2.14284e+00 6.49101e+01 4.24026e+00 3.44978e+02
1.56495e+02 8.43689e+01 2.43314e+01 1.49621e+02 2.65313e+00 8.71159e+01 4.55519e+00 4.22774e+02
1.13896e+02 8.12961e+01 1.99091e+01 9.77972e+01 2.27290e+00 7.72843e+01 5.14433e+00 3.83626e+02
9.94243e+01 8.00833e+01 1.79548e+01 7.98811e+01 2.08053e+00 7.26176e+01 5.33049e+00 3.65914e+02
1.35201e+02 8.30241e+01 2.29949e+01 1.26945e+02 2.50937e+00 8.83758e+01 5.14375e+00 4.06383e+02
1.25489e+02 8.28332e+01 2.18439e+01 1.13739e+02 2.40425e+00 8.61579e+01 5.24494e+00 3.96521e+02
1.41849e+02 6.09050e+01 2.06206e+01 2.19535e+02 2.59265e+00 5.41735e+01 5.15201e+00 4.90575e+02
1.57274e+02 7.40758e+01 2.34714e+01 1.82440e+02 2.76724e+00 7.64723e+01 4.39592e+00 4.58077e+02
1.41218e+02 8.02906e+01 2.33764e+01 1.47328e+02 2.58666e+00 9.14104e+01 4.44339e+00 4.22850e+02
1.10842e+02 4.14701e+01 1.57812e+01 2.38708e+02 2.12766e+00 3.48429e+01 6.05301e+00 5.18342e+02
1.15318e+02 5.02369e+01 1.62123e+01 2.11776e+02 2.28901e+00 4.93094e+01 4.62300e+00 5.17329e+02
1.09192e+02 4.58952e+01 1.45002e+01 2.20719e+02 2.15128e+00 4.46984e+01 4.78364e+00 5.32297e+02
1.02403e+02 3.73374e+01 1.37483e+01 2.36126e+02 1.97423e+00 3.37870e+01 6.10927e+00 5.29481e+02
1.22793e+02 8.26928e+01 1.59242e+01 7.27377e+01 1.89292e+00 6.37442e+01 3.93853e+00 3.18040e+02
9.87380e+01 7.38919e+01 1.52245e+01 7.08623e+01 1.50451e+00 6.83819e+01 2.20081e+00 3.19883e+02
9.75143e+01 4.28353e+01 1.20913e+01 2.08368e+02 1.82238e+00 3.96975e+01 5.19562e+00 5.15250e+02
9.22467e+01 3.40033e+01 1.10577e+01 2.22230e+02 1.65446e+00 2.99955e+01 7.29685e+00 5.11003e+02
8.59730e+01 4.66603e+01 1.05885e+01 1.57318e+02 1.43038e+00 3.97379e+01 5.65245e+00 4.43281e+02
7.75820e+01 5.48886e+01 1.03966e+01 1.10870e+02 1.16080e+00 5.85289e+01 4.72811e+00 3.63776e+02
1.00061e+02 4.55210e+01 9.88452e+00 2.07838e+02 1.51223e+00 9.72329e+01 9.03242e+00 4.33648e+02
8.86543e+01 3.81297e+01 9.53660e+00 1.93185e+02 1.42679e+00 4.70908e+01 9.14097e+00 4.59567e+02
7.77969e+01 6.43449e+01 1.13872e+01 6.92186e+01 1.08306e+00 6.27828e+01 2.46905e+00 3.08722e+02
8.68002e+01 5.91364e+01 1.05724e+01 1.26110e+02 1.12087e+00 1.02264e+02 5.61755e+00 3.15972e+02
9.55936e+01 6.38011e+01 1.13441e+01 1.05875e+02 1.09724e+00 9.03424e+01 4.35165e+00 2.84645e+02
1.13105e+02 6.00446e+01 9.90156e+00 2.23718e+02 1.45751e+00 1.90189e+02 9.90886e+00 3.79739e+02
1.06513e+02 6.15336e+01 9.84931e+00 1.97728e+02 1.31046e+00 1.91278e+02 9.74642e+00 3.39568e+02
1.53415e+02 9.13763e+01 1.19007e+01 3.79464e+02 1.87905e+00 4.52685e+02 9.93094e+00 3.14053e+02
1.76754e+02 1.19592e+02 1.38938e+01 5.67306e+02 2.29377e+00 6.81973e+02 8.17222e+00 2.73114e+02
1.59016e+02 1.11307e+02 1.32335e+01 5.24784e+02 2.08716e+00 6.19276e+02 8.59177e+00 2.59168e+02
2.24957e+02 1.18323e+02 1.57754e+01 4.66824e+02 2.40489e+00 5.73008e+02 5.53805e+00 2.84163e+02
1.78894e+02 1.00512e+02 1.35197e+01 4.25698e+02 2.11684e+00 4.86819e+02 7.60403e+00 3.16033e+02
2.28973e+02 1.26338e+02 1.69033e+01 4.82261e+02 2.55666e+00 6.17064e+02 4.40431e+00 2.60149e+02
2.21365e+02 1.31036e+02 1.71826e+01 5.09950e+02 2.62059e+00 6.56478e+02 4.03795e+00 2.45365e+02
2.02251e+02 1.41281e+02 1.62004e+01 6.74828e+02 2.66013e+00 8.21862e+02 5.62744e+00 2.36002e+02
2.01459e+02 1.38447e+02 1.62357e+01 6.37631e+02 2.59243e+00 7.76662e+02 5.26801e+00 2.28585e+02
2.41192e+02 1.16701e+02 1.74323e+01 3.51023e+02 2.44654e+00 4.68214e+02 3.62149e+00 2.63147e+02
2.29902e+02 1.25138e+02 1.76994e+01 4.07824e+02 2.57290e+00 5.53876e+02 3.05301e+00 2.43288e+02
2.38405e+02 1.15663e+02 1.86382e+01 2.63680e+02 2.51572e+00 4.00922e+02 1.95132e+00 2.45902e+02
2.51048e+02 1.17440e+02 1.82634e+01 2.77004e+02 2.47283e+00 4.06847e+02 2.00835e+00 2.43786e+02
2.81727e+02 1.09812e+02 1.83234e+01 2.26680e+02 2.32628e+00 3.25139e+02 2.59481e+00 2.39254e+02
2.72200e+02 1.12542e+02 1.84349e+01 2.34367e+02 2.40534e+00 3.46398e+02 1.98043e+00 2.40396e+02
3.18534e+02 1.09330e+02 1.84543e+01 1.94196e+02 2.34040e+00 2.85638e+02 1.29697e+00 2.27404e+02
3.21830e+02 1.09011e+02 1.84188e+01 1.79112e+02 2.23386e+00 2.59202e+02 1.93779e+00 2.35661e+02
3.29393e+02 1.07881e+02 1.84757e+01 1.84520e+02 2.29201e+00 2.69008e+02 1.54562e+00 2.26108e+02
3.40830e+02 1.11180e+02 1.84423e+01 1.56701e+02 2.17937e+00 2.28850e+02 1.50752e+00 2.40147e+02

Initial salt mineral fraction of soil (1 row for each SUBAREA)
CaCO3   MgCO3   CaSO4   MgSO4   NaCl
20.10	0	1.00	0	0
19.07	0	1.02	0	0
15.00	0	1.00	0	0
12.64	0	2.02	0	0
16.96	0	0.00	0	0
8.99	0	1.00	0	0
19.07	0	50.00	0	0
17.00	0	1.00	0	0
21.07	0	1.00	0	0
14.01	0	0.00	0	0
14.01	0	1.00	0	0
16.51	0	0.00	0	0
17.51	0	1.00	0	0
17.00	0	1.00	0	0
17.00	0	3.00	0	0
15.00	0	0.00	0	0
17.45	0	0.00	0	0
15.00	0	0.00	0	0
15.00	0	0.00	0	0
14.01	0	0.00	0	0
16.51	0	0.00	0	0
17.00	0	0.00	0	0
19.02	0	1.00	0	0
15.43	0	0.01	0	0
20.00	0	0.01	0	0
20.00	0	0.00	0	0
11.48	0	0.00	0	0
17.00	0	0.00	0	0
10.51	0	0.00	0	0
14.06	0	0.00	0	0
15.00	0	0.00	0	0
13.49	0	0.00	0	0
18.00	0	0.01	0	0
17.99	0	1.00	0	0
17.00	0	1.00	0	0
20.00	0	1.00	0	0
16.51	0	0.00	0	0
16.51	0	0.01	0	0
23.00	0	3.00	0	0
14.54	0	0.00	0	0
20.30	0	0.01	0	0
17.54	0	1.02	0	0
13.57	0	0.00	0	0
14.97	0	0.00	0	0
10.00	0	0.00	0	0
8.99	0	1.00	0	0
16.07	0	0.00	0	0
18.06	0	0.00	0	0
9.91	0	1.00	0	0
23.75	0	1.00	0	0
19.22	0	0.01	0	0
11.00	0	1.00	0	0
20.00	0	0.00	0	0
15.00	0	0.00	0	0
21.52	0	1.03	0	0
25.52	0	0.01	0	0
24.03	0	2.00	0	0
34.08	0	1.00	0	0
17.51	0	0.00	0	0
14.45	0	1.00	0	0
15.56	0	0.00	0	0
13.49	0	2.02	0	0
26.53	0	2.00	0	0
40.00	0	3.04	0	0
40.00	0	0.01	0	0
21.02	0	4.04	0	0
17.45	0	2.02	0	0
29.53	0	3.00	0	0
10.00	0	2.02	0	0
20.51	0	8.00	0	0
20.00	0	3.08	0	0
21.51	0	3.00	0	0
21.52	0	3.00	0	0
24.97	0	3.05	0	0
23.00	0	3.00	0	0



Irrigation concentration (mg/L) (one row for each SUBAREA) 
SO4     Ca      Mg      Na      K       Cl      CO3     HCO3
0	0	0	0	0	0	0	0
0	0	0	0	0	0	0	0
0	0	0	0	0	0	0	0
0	0	0	0	0	0	0	0
0	0	0	0	0	0	0	0
0	0	0	0	0	0	0	0
0	0	0	0	0	0	0	0
0	0	0	0	0	0	0	0
0	0	0	0	0	0	0	0
0	0	0	0	0	0	0	0
0	0	0	0	0	0	0	0
0	0	0	0	0	0	0	0
0	0	0	0	0	0	0	0
0	0	0	0	0	0	0	0
0	0	0	0	0	0	0	0
0	0	0	0	0	0	0	0
0	0	0	0	0	0	0	0
0	0	0	0	0	0	0	0
0	0	0	0	0	0	0	0
0	0	0	0	0	0	0	0
0	0	0	0	0	0	0	0
0	0	0	0	0	0	0	0
0	0	0	0	0	0	0	0
0	0	0	0	0	0	0	0
0	0	0	0	0	0	0	0
0	0	0	0	0	0	0	0
0	0	0	0	0	0	0	0
0	0	0	0	0	0	0	0
0	0	0	0	0	0	0	0
0	0	0	0	0	0	0	0
0	0	0	0	0	0	0	0
0	0	0	0	0	0	0	0
0	0	0	0	0	0	0	0
0	0	0	0	0	0	0	0
0	0	0	0	0	0	0	0
0	0	0	0	0	0	0	0
0	0	0	0	0	0	0	0
0	0	0	0	0	0	0	0
0	0	0	0	0	0	0	0
0	0	0	0	0	0	0	0
0	0	0	0	0	0	0	0
0	0	0	0	0	0	0	0
0	0	0	0	0	0	0	0
0	0	0	0	0	0	0	0
0	0	0	0	0	0	0	0
0	0	0	0	0	0	0	0
0	0	0	0	0	0	0	0
0	0	0	0	0	0	0	0
0	0	0	0	0	0	0	0
0	0	0	0	0	0	0	0
0	0	0	0	0	0	0	0
0	0	0	0	0	0	0	0
0	0	0	0	0	0	0	0
0	0	0	0	0	0	0	0
0	0	0	0	0	0	0	0
0	0	0	0	0	0	0	0
0	0	0	0	0	0	0	0
0	0	0	0	0	0	0	0
0	0	0	0	0	0	0	0
0	0	0	0	0	0	0	0
0	0	0	0	0	0	0	0
0	0	0	0	0	0	0	0
0	0	0	0	0	0	0	0
0	0	0	0	0	0	0	0
0	0	0	0	0	0	0	0
0	0	0	0	0	0	0	0
0	0	0	0	0	0	0	0
0	0	0	0	0	0	0	0
0	0	0	0	0	0	0	0
0	0	0	0	0	0	0	0
0	0	0	0	0	0	0	0
0	0	0	0	0	0	0	0
0	0	0	0	0	0	0	0
0	0	0	0	0	0	0	0
0	0	0	0	0	0	0	0

