Start_date	Discharge	SO4_Conc	CO3_Conc	HCO3_Conc	Ca_Conc	Mg_Conc	Na_Conc	K_Conc	Cl_Conc	SO4_Load	CO3_Load	HCO3_Load	Ca_Load	Mg_Load	Na_Load	K_Load	Cl_Load
1/15/1992	255	220	5	204	110	17	38	3.3	26	137252.6623	3119.378688	127270.6505	68626.33114	10605.88754	23707.27803	2058.789934	16220.76918
3/18/1992	501	140	0	178	76	14	24	1.8	15	171602.5264	0	218180.355	93155.6572	17160.25264	29417.57596	2206.318197	18385.98497
5/5/1992	1800	55	0	103	41	5.7	7.3	1.1	3.3	242210.5805	0	453594.3598	180556.9782	25101.8238	32147.94977	4844.21161	14532.63483
8/3/1992	437	130	13	137	78	12	28	2.5	18	138989.7281	13898.97281	146473.7903	83393.83683	12829.82105	29936.24912	2672.879386	19244.73158
11/19/1992	311	180	10	170	91	14	35	3	21	136959.0737	7608.837427	129350.2363	69240.42059	10652.3724	26630.931	2282.651228	15978.5586
3/9/1993	760	130	0	166	54	9.5	38	2.7	12	241721.2662	0	308659.463	100407.2952	17664.24637	70656.9855	5020.364759	22312.73226
5/5/1993	2260	61	0	127	48	7.5	9.2	1.4	5.6	337284.3497	0	702214.9577	265404.0785	41469.38726	50869.11504	7740.952289	30963.80916
9/1/1993	1810	75	0	124	49	7.8	15	2.5	7.7	332122.0838	0	549108.5119	216986.4281	34540.69672	66424.41677	11070.73613	34097.86727
11/18/1994	462	160	0	198	90	14	30	3	19	180850.5668	0	223802.5764	101728.4438	15824.42459	33909.48127	3390.948127	21476.0048
2/27/1995	667	110	0	144	66	11	19	2	11	179504.9524	0	234988.3014	107702.9715	17950.49524	31005.40087	3263.726408	17950.49524
5/4/1995	1030	72	0	144	54	9	12	1.5	6.4	181437.7439	0	362875.4878	136078.3079	22679.71799	30239.62399	3779.952998	16127.79946
8/10/1995	841	86	0	109	52	7.2	16	1.8	11	176950.7318	0	224274.7647	106993.4657	14814.47987	32921.06637	3703.619967	22633.23313
12/6/1995	269	180	0	202	100	15	39	3	22	118462.993	0	132941.8033	65812.77389	9871.916083	25666.98182	1974.383217	14478.81026
1/16/1996	261	190	0	207	96	15	34	3	24	121325.4817	0	132180.9195	61301.29601	9578.327501	21710.87567	1915.6655	15325.324
4/1/1996	220	170	11	129	85	13	31	3	19	91501.77485	5920.703078	69433.69974	45750.88742	6997.194547	16685.61777	1614.737203	10226.66895
9/4/1996	72	250	5	205	110	18	55	4	31	44038.28736	880.7657472	36111.39564	19376.84644	3170.75669	9688.423219	704.6125978	5460.747633
10/28/1996	609	140	0	159	75	12	29	2.6	18	208594.6878	0	236903.9669	111747.1542	17879.54467	43208.89961	3873.901345	26819.317
2/4/1997	369	160	-999	-999	85	13	30	2.5	17	144445.5825	-999	-999	76736.71572	11736.20358	27083.54673	2256.962227	15347.34314
12/9/1997	403	155	7	164	78.7	12.7	25.6	2.42	17.2	152825.09	6901.778258	161698.8049	77595.70699	12521.7977	25240.78906	2386.043341	16958.65515
2/10/1998	285	169	-999	-999	85.3	14.2	33.1	2.68	18.6	117839.1173	-999	-999	59477.37694	9901.274941	23079.73243	1868.691327	12969.27563
5/5/1998	2420	43.9	0	99	39	5.53	5.96	1.06	3	259918.8651	0	586149.6048	230907.4201	32741.48802	35287.39035	6275.945263	17762.10924
8/11/1998	296	136	2	148	69.6	10.6	27	2.4	18.8	98489.18311	1448.37034	107179.4051	50403.28783	7676.362801	19552.99959	1738.044408	13614.68119
3/11/1999	242	167	0	150	74.9	13.6	29.6	2.94	19.5	98875.74141	0	88810.54618	44346.06606	8052.156187	17525.28111	1740.686705	11545.371
6/2/1999	3810	34.3	0	78	29.6	4.28	5.19	0.81	3.07	319725.3059	0	727072.1243	275914.5497	39895.75246	48378.26058	7550.364368	28616.8131
7/20/1999	3100	51.6	0	82	38.2	4.65	7.6	2.92	4.84	391353.5803	0	621918.4804	289722.9994	35267.32846	57641.22501	22146.3654	36708.35909
8/5/1999	2610	65	0	98	43.3	5.9	11	2.15	4.84	415060.8584	0	625784.0634	276494.3872	37674.75484	70241.06834	13728.93608	30906.07007
12/6/1999	347	190	0	210	94.8	14.7	35.7	2.64	21	161302.4603	0	178281.6667	80481.43809	12479.71667	30307.88333	2241.255238	17828.16667
1/20/2000	275	185	1	190	101	14.5	36.4	3.2	19.8	124469.3261	672.807168	127833.3619	67953.52397	9755.703936	24490.18092	2152.982938	13321.58193
4/4/2000	623	138	0	174	61.2	12	27.9	2.24	13.3	210341.5399	0	265213.2459	93281.90029	18290.56868	42525.57219	3414.239488	20272.04696
7/20/2000	157	168	0	174	83.7	13	35.6	3.16	19.7	64530.77041	0	66835.44078	32150.15169	4993.452472	13674.37754	1213.793063	7567.001054
11/28/2000	347	170	5	154	82.7	12.6	29.2	2.64	17.8	144323.254	4244.801587	130739.8889	70209.01825	10696.9	24789.64127	2241.255238	15111.49365
3/21/2001	471	150	0	172	74	15.5	31.7	2.97	14.9	172850.2779	0	198201.652	85272.80376	17861.19538	36529.02539	3422.435502	17169.79427
4/24/2001	790	75.8	0	130	57.6	8.89	12	1.49	7.45	146505.5958	0	251262.8951	111328.7904	17182.51644	23193.49801	2879.859336	14399.29668
8/7/2001	440	120	0	163	73.5	10.2	26	3.17	17	129178.9763	0	175468.1094	79122.12296	10980.21298	27988.77819	3412.477956	18300.35497
11/15/2001	211	206	-999	210	105	16.8	46.1	3.55	30.1	106342.6777	-999	108407.5841	54203.79203	8672.606724	23798.04583	1832.604397	15538.42038
3/19/2002	176	196	-999	176	94.6	15.5	38.4	3.37	26.2	84396.93115	-999	75784.9994	40734.43718	6674.247107	16534.90896	1451.1105	11281.63059
5/14/2002	242	177	1	179	90.5	12.9	34.7	2.96	23	104796.4445	592.0703078	105980.5851	53582.36286	7637.706971	20544.83968	1752.528111	13617.61708
7/18/2002	8	390	-999	145	131	24.9	78.6	4.54	42.6	7633.303142	-999	2838.022963	2564.006953	487.3570468	1538.404172	88.85947761	833.791574
1/29/2003	211	196	-999	158	94.6	14.5	35.7	2.89	24.7	101180.4118	-999	81563.80133	48835.03548	7485.285565	18429.28929	1491.894847	12750.79679
3/19/2003	356	173	-999	171	85.7	13.7	38.7	3.14	18.7	150679.4468	-999	148937.4879	74642.93982	11932.41862	33706.90515	2734.875508	16287.31592
5/21/2003	1130	53.7	-999	80	38.4	5	7.39	1.18	5.41	148460.4064	-999	221170.0654	106161.6314	13823.12909	20430.58479	3262.258465	14956.62567
7/9/2003	116	184	-999	157	87.8	12.6	38.6	2.77	24.6	52219.62252	-999	44556.96052	24917.84162	3575.908934	10954.76864	786.1323608	6981.536489
12/11/2003	233	192	1	182	104	15.6	37.5	3.23	25.8	109449.8235	570.0511642	103749.3119	59285.32107	8892.798161	21376.91866	1841.26526	14707.32004
3/12/2004	586	115	1	145	70.1	10.7	22	2.81	13.3	164874.4547	1433.690911	207885.1821	100501.7328	15340.49274	31541.20004	4028.671459	19068.08911
7/1/2004	879	85.2	-999	104	52.4	6.84	15	1.74	10.4	183225.6984	-999	223655.7821	112688.1056	14709.66874	32258.04549	3741.933277	22365.57821
8/11/2004	102	189	-999	159	85.6	14.7	38.6	2.97	25.7	47165.00576	-999	39678.49691	21361.50526	3668.389337	9632.641389	741.1643763	6413.442583
1/19/2005	416	-999	-999	186	-999	-999	-999	-999	-999	-999	-999	189305.9179	-999	-999	-999	-999	-999
3/24/2005	737	116	2	148	76.1	13.7	19.9	1.93	13.1	209162.2924	3606.24642	266862.2351	137217.6763	24702.78798	35882.15188	3480.027796	23620.91405
8/4/2005	385	125	-999	154	73.5	11	24.5	2.36	16.9	117741.2544	-999	145057.2254	69231.85759	10361.23039	23077.28586	2222.954883	15918.61759
8/30/2005	285	-999	2	169	-999	-999	-999	-999	-999	-999	1394.545766	117839.1173	-999	-999	-999	-999	-999
3/29/2006	238	166	2	164	87.8	13.5	27	2.53	17.2	96659.14761	1164.568044	95494.57957	51124.53711	7860.834294	15721.66859	1473.178575	10015.28517
7/27/2006	311	134	2	172	77.2	11.3	26.3	2.74	17.9	101958.4215	1521.767485	130872.0037	58740.22494	8597.986293	20011.24243	2084.821455	13619.81899
9/26/2006	548	114	1	146	48.2	7.02	14.5	1.51	12.3	152842.216	1340.721193	195745.2942	64622.7615	9411.862775	19440.4573	2024.489001	16490.87067
11/21/2006	476	131	2	172	65.3	10.1	19	1.87	14.7	152558.4137	2329.136087	200305.7035	76046.29324	11762.13724	22126.79283	2177.742241	17119.15024
4/11/2007	1000	69.8	1	131	50.9	7.31	9.77	1.3	6.63	170770.6921	2446.57152	320500.8691	124530.4904	17884.43781	23903.00375	3180.542976	16220.76918
7/18/2007	404	119	2	163	49.7	6.73	23.3	1.85	15.4	117621.3724	1976.829788	161111.6277	49124.22024	6652.032237	23030.06703	1828.567554	15221.58937
12/9/2008	320	183	2	194	96	15.2	35.6	2.87	20.6	143271.2282	1565.805773	151883.16	75158.67709	11900.12387	27871.34276	2246.931284	16127.79946
2/24/2009	336	171	1	174	81	13.2	30.5	2.69	18.2	140570.2133	822.0480307	143036.3573	66585.89049	10851.03401	25072.46494	2211.309203	14961.27416
4/29/2009	1370	56.7	0	102	44.5	5.89	7.36	1.2	4.79	190047.2291	0	341883.9042	149155.2327	19742.11957	24669.26995	4022.163579	16055.13629
12/8/2009	267	194	3	214	104	16.6	36.1	3.45	24.6	126727.5116	1959.703788	139792.2035	67936.39797	10843.69429	23581.76891	2253.659356	16069.57106
5/18/2010	1560	60.5	1	104	43.5	5.87	8.9	1.18	6.11	230907.4201	3816.651571	396931.7634	166024.3433	22403.74472	33968.19898	4503.648854	23319.7411
7/28/2010	389	151	1	179	87.3	11.4	28.5	3.46	19.4	143709.1645	951.7163213	170357.2215	83084.83485	10849.56606	27123.91516	3292.938472	18463.29663
																	
																	
