Input data for APEX Salinity module

Solubility Product parameters
0.0000000030702						!Ksp1: CaCO3
0.0000047937						!Ksp2: MgCO3
0.0003    						!Ksp3: CaSO4
0.007244						!Ksp4: MgSO4
37.3							!Ksp5: NaCl

Initial Concentrations (mg/L) in Soil Water (one row for each SUBAREA): initial concentrations (mg/L) for each ion 
SO4     Ca      Mg      Na      K       Cl      CO3     HCO3
4.74081e+02 8.42340e+01 1.73541e+01 1.31938e+02 3.04687e+00 1.61536e+02 3.91995e+00 2.57930e+02
3.00102e+02 1.29624e+02 1.33235e+01 1.19102e+02 3.33283e+00 1.73575e+02 6.30065e+00 1.76400e+02
4.71530e+02 6.22330e+01 1.35707e+01 1.26005e+02 3.40790e+00 1.70220e+02 4.69300e+00 1.79914e+02
4.18536e+02 7.78859e+01 9.43327e+00 9.82116e+01 2.12552e+00 2.24111e+02 5.94586e+00 1.42838e+02
2.25607e+02 1.69961e+02 1.85896e+01 1.64587e+02 2.87359e+00 1.69075e+02 7.16842e+00 3.62036e+02
3.54586e+02 1.60365e+02 1.91648e+01 1.09773e+02 1.53276e+00 1.73947e+02 4.09367e+00 1.78755e+02
2.40509e+02 1.33837e+02 1.54825e+01 1.61201e+02 2.69485e+00 1.91218e+02 6.61250e+00 3.69358e+02
3.91290e+02 9.07371e+01 1.08196e+01 1.07011e+02 2.02607e+00 2.20980e+02 5.92396e+00 1.80825e+02
4.72336e+02 7.48975e+01 1.15200e+01 9.70672e+01 1.85140e+00 2.18354e+02 5.03978e+00 1.47703e+02
3.32634e+02 1.10019e+02 1.25298e+01 1.23424e+02 2.23038e+00 2.09434e+02 6.11182e+00 2.34597e+02
3.82633e+02 9.86634e+01 1.20746e+01 1.12392e+02 1.91110e+00 2.17974e+02 5.75556e+00 2.04793e+02
3.39960e+02 1.15060e+02 1.43117e+01 1.30750e+02 1.96692e+00 2.08392e+02 5.73407e+00 2.74016e+02
2.69776e+02 1.72628e+02 2.96459e+01 2.29945e+02 1.90583e+00 1.48979e+02 3.76885e+00 6.78692e+02
1.41003e+02 2.78728e+02 2.99313e+01 1.62683e+02 1.23721e+00 9.09699e+01 2.91542e+00 3.18463e+02
3.71987e+02 2.35659e+02 2.24486e+01 1.94311e+02 2.36007e+00 1.78044e+02 4.97463e+00 2.45609e+02
5.26109e+02 1.46046e+02 1.78188e+01 2.43188e+02 3.38400e+00 1.81112e+02 7.96663e+00 2.45611e+02
5.08245e+02 1.61867e+02 3.15633e+01 2.55011e+02 2.79732e+00 1.33704e+02 7.00236e+00 7.03011e+02
5.12490e+02 1.10925e+02 3.76892e+01 3.34923e+02 3.02304e+00 1.53203e+02 4.82929e+00 1.32815e+03
4.24491e+02 1.75038e+02 3.13776e+01 2.35368e+02 1.90275e+00 1.30659e+02 3.39590e+00 1.06912e+03
5.07085e+02 1.48105e+02 2.03427e+01 1.84618e+02 2.23985e+00 1.46423e+02 4.40597e+00 8.72381e+02
8.08288e+02 7.55344e+01 1.81762e+01 2.79124e+02 4.93269e+00 1.43043e+02 9.87800e+00 5.17775e+02
8.10160e+02 8.26680e+01 2.07616e+01 2.35426e+02 4.36727e+00 1.58906e+02 7.91191e+00 7.65718e+02
9.26040e+02 1.18343e+02 3.39355e+01 1.92020e+02 3.73553e+00 1.92337e+02 5.21194e+00 1.34443e+03
2.31674e+02 1.53029e+02 1.93764e+01 1.73395e+02 3.64323e+00 3.05472e+02 4.96990e+00 2.13693e+02
6.13906e+02 1.01106e+02 1.75638e+01 2.01459e+02 3.27526e+00 1.60166e+02 6.52687e+00 7.31980e+02
2.06656e+02 1.40097e+02 3.48410e+01 1.47285e+02 5.43464e+00 2.80420e+02 5.96464e+00 2.86400e+02
5.38854e+02 1.58932e+02 1.60522e+01 1.72046e+02 2.23175e+00 1.50262e+02 6.04341e+00 1.22216e+03
3.29716e+02 1.34971e+02 1.94948e+01 1.78010e+02 4.24778e+00 2.27426e+02 5.23674e+00 5.41789e+02
2.13946e+02 1.39125e+02 2.72896e+01 1.41498e+02 5.85653e+00 3.02863e+02 4.85691e+00 4.40889e+02
4.50399e+02 1.63398e+02 1.62405e+01 1.98337e+02 3.23251e+00 1.57104e+02 5.80889e+00 8.48097e+02
6.84520e+02 3.47606e+02 2.44736e+01 1.52065e+02 1.59939e+00 1.05751e+02 4.52449e+00 2.89783e+03
2.54039e+02 2.19826e+02 3.80249e+01 1.39798e+02 5.33234e+00 2.10186e+02 5.77297e+00 7.49188e+02
2.50127e+02 5.23456e+02 2.35781e+01 1.25868e+02 1.86241e+00 9.63131e+01 4.53212e+00 2.34093e+03
7.02174e+02 5.39704e+02 2.78770e+01 1.20319e+02 1.32768e+00 7.14987e+01 3.94397e+00 3.84735e+03
3.03743e+02 3.77284e+02 2.81537e+01 1.21250e+02 3.07982e+00 1.25142e+02 4.91468e+00 1.58300e+03
2.71370e+02 4.53608e+02 2.44802e+01 1.16389e+02 2.29227e+00 1.02217e+02 4.54718e+00 1.97959e+03
4.03118e+02 1.14210e+02 4.51321e+01 1.91610e+02 2.87879e+00 1.61271e+02 1.00312e+01 2.88300e+02
5.95363e+02 1.14934e+02 3.31593e+01 1.72284e+02 3.86041e+00 1.98851e+02 6.89168e+00 3.51017e+02
5.07157e+02 2.08962e+02 1.91645e+01 1.30023e+02 2.72349e+00 1.30244e+02 3.97615e+00 1.08429e+03
2.49982e+02 1.73811e+02 2.75609e+01 1.72922e+02 2.17609e+00 9.82558e+01 9.33289e+00 2.25384e+02
5.33769e+02 1.63612e+02 1.61878e+01 3.08152e+02 2.52562e+00 1.55549e+02 4.71633e+00 5.51757e+02
4.46612e+02 1.84924e+02 1.60643e+01 3.56715e+02 2.68268e+00 1.53030e+02 4.15934e+00 6.14078e+02
2.73256e+02 2.05929e+02 1.84107e+01 2.31044e+02 2.42782e+00 1.03583e+02 6.96560e+00 3.28765e+02
6.55613e+02 3.75070e+02 2.12901e+01 1.33876e+02 2.55581e+00 8.78780e+01 3.28849e+00 2.56670e+03
1.74244e+02 2.68285e+02 1.33866e+01 7.78913e+01 4.47610e+00 8.31890e+01 2.76369e+00 7.19789e+02
2.92597e+02 2.20985e+02 2.19597e+01 3.74419e+02 2.96410e+00 1.35542e+02 3.54242e+00 5.71512e+02
1.49981e+02 2.50448e+02 3.02530e+01 2.55252e+02 3.20216e+00 9.54563e+01 5.94317e+00 2.78213e+02
2.18821e+02 2.59942e+02 3.54718e+01 3.33082e+02 2.99765e+00 1.15932e+02 2.96240e+00 3.63144e+02
2.47329e+02 2.22425e+02 4.05554e+01 2.72476e+02 2.80052e+00 1.23020e+02 3.21271e+00 1.95592e+02
1.08666e+02 1.66525e+02 9.23081e+01 1.72295e+02 5.90827e+00 1.15463e+02 6.29907e+00 1.15164e+02
1.16855e+02 2.76870e+02 6.99517e+01 2.57274e+02 4.01297e+00 9.93553e+01 4.88894e+00 1.64305e+02
2.64752e+02 1.87231e+02 1.97081e+01 1.91072e+02 3.41819e+00 1.27865e+02 3.68816e+00 2.27835e+02
2.63895e+02 1.80976e+02 5.68688e+01 2.43697e+02 3.17289e+00 1.21853e+02 3.25337e+00 1.23590e+02
2.73867e+02 1.89168e+02 2.10694e+01 2.30882e+02 3.73977e+00 1.29883e+02 3.29798e+00 2.03363e+02
1.99342e+02 2.07656e+02 1.55411e+02 2.16399e+02 2.56685e+00 1.00682e+02 3.92598e+00 1.31273e+02
2.51097e+02 1.90735e+02 1.68435e+02 2.12628e+02 1.97658e+00 1.03209e+02 3.24831e+00 1.07735e+02
2.35026e+02 7.20357e+01 2.10345e+02 1.16953e+02 1.95959e+00 9.41150e+01 4.91631e+00 1.15748e+02
1.65717e+02 9.35853e+01 1.27559e+02 1.49238e+02 1.85225e+00 8.25262e+01 5.12362e+00 1.30619e+02
1.69963e+02 1.11072e+02 1.26637e+02 1.40579e+02 2.23335e+00 9.12198e+01 4.83700e+00 1.15388e+02
1.91242e+02 6.89784e+01 5.68161e+01 2.34799e+02 2.82058e+00 7.61927e+01 3.84383e+00 2.27784e+02
1.75794e+02 8.92903e+01 1.08686e+02 1.77902e+02 3.10444e+00 8.80271e+01 4.89845e+00 1.61678e+02
1.82944e+02 8.58333e+01 4.79538e+01 2.48832e+02 2.11070e+00 9.66290e+01 3.50780e+00 3.67666e+02
1.46554e+02 1.02415e+02 4.24340e+01 2.18744e+02 1.77420e+00 1.34162e+02 3.88095e+00 3.97788e+02
1.00159e+02 1.22119e+02 3.72887e+01 1.86554e+02 1.83242e+00 1.02801e+02 4.96489e+00 2.19560e+02
8.76512e+01 1.27728e+02 2.45361e+01 1.63060e+02 2.07730e+00 1.39243e+02 4.96254e+00 2.11306e+02
2.56026e+02 9.03495e+01 5.24215e+01 2.49617e+02 2.11394e+00 1.24991e+02 3.07321e+00 4.83438e+02
1.56938e+02 9.89076e+01 4.31683e+01 1.98062e+02 1.69479e+00 1.90874e+02 3.54700e+00 4.79218e+02
2.51942e+02 1.34611e+02 7.36993e+01 2.63088e+02 1.00626e+00 1.66586e+02 2.49361e+00 8.37825e+02
1.91176e+02 1.47717e+02 5.27884e+01 1.95402e+02 1.46062e+00 2.13858e+02 2.95561e+00 7.12870e+02
3.43598e+02 1.33050e+02 2.42300e+01 1.65753e+02 2.27125e+00 2.20598e+02 2.79275e+00 4.95719e+02
2.53626e+02 1.95051e+02 5.05438e+01 1.95554e+02 1.53165e+00 1.99843e+02 2.52031e+00 7.94489e+02
1.79902e+02 3.53294e+02 3.96887e+01 1.16485e+02 1.52138e+00 2.34993e+02 2.14198e+00 1.03095e+03
2.14801e+02 1.71509e+02 1.53001e+01 8.83657e+01 2.37112e+00 1.98160e+02 3.42079e+00 4.99252e+02
2.07710e+02 3.01563e+02 2.30191e+01 8.80069e+01 1.96108e+00 2.36117e+02 2.48897e+00 8.15071e+02
8.12588e+01 1.52926e+02 1.86831e+01 5.53167e+01 2.32131e+00 1.38982e+02 4.24955e+00 4.61659e+02

Initial salt mineral fraction of soil (1 row for each SUBAREA)
CaCO3   MgCO3   CaSO4   MgSO4   NaCl
20.10	0	1.00	0	0
19.07	0	1.02	0	0
15.00	0	1.00	0	0
12.64	0	2.02	0	0
16.96	0	0.00	0	0
8.99	0	1.00	0	0
19.07	0	50.00	0	0
17.00	0	1.00	0	0
21.07	0	1.00	0	0
14.01	0	0.00	0	0
14.01	0	1.00	0	0
16.51	0	0.00	0	0
17.51	0	1.00	0	0
17.00	0	1.00	0	0
17.00	0	3.00	0	0
15.00	0	0.00	0	0
17.45	0	0.00	0	0
15.00	0	0.00	0	0
15.00	0	0.00	0	0
14.01	0	0.00	0	0
16.51	0	0.00	0	0
17.00	0	0.00	0	0
19.02	0	1.00	0	0
15.43	0	0.01	0	0
20.00	0	0.01	0	0
20.00	0	0.00	0	0
11.48	0	0.00	0	0
17.00	0	0.00	0	0
10.51	0	0.00	0	0
14.06	0	0.00	0	0
15.00	0	0.00	0	0
13.49	0	0.00	0	0
18.00	0	0.01	0	0
17.99	0	1.00	0	0
17.00	0	1.00	0	0
20.00	0	1.00	0	0
16.51	0	0.00	0	0
16.51	0	0.01	0	0
23.00	0	3.00	0	0
14.54	0	0.00	0	0
20.30	0	0.01	0	0
17.54	0	1.02	0	0
13.57	0	0.00	0	0
14.97	0	0.00	0	0
10.00	0	0.00	0	0
8.99	0	1.00	0	0
16.07	0	0.00	0	0
18.06	0	0.00	0	0
9.91	0	1.00	0	0
23.75	0	1.00	0	0
19.22	0	0.01	0	0
11.00	0	1.00	0	0
20.00	0	0.00	0	0
15.00	0	0.00	0	0
21.52	0	1.03	0	0
25.52	0	0.01	0	0
24.03	0	2.00	0	0
34.08	0	1.00	0	0
17.51	0	0.00	0	0
14.45	0	1.00	0	0
15.56	0	0.00	0	0
13.49	0	2.02	0	0
26.53	0	2.00	0	0
40.00	0	3.04	0	0
40.00	0	0.01	0	0
21.02	0	4.04	0	0
17.45	0	2.02	0	0
29.53	0	3.00	0	0
10.00	0	2.02	0	0
20.51	0	8.00	0	0
20.00	0	3.08	0	0
21.51	0	3.00	0	0
21.52	0	3.00	0	0
24.97	0	3.05	0	0
23.00	0	3.00	0	0



Irrigation concentration (mg/L) (one row for each SUBAREA) 
SO4     Ca      Mg      Na      K       Cl      CO3     HCO3
0	0	0	0	0	0	0	0
0	0	0	0	0	0	0	0
0	0	0	0	0	0	0	0
0	0	0	0	0	0	0	0
0	0	0	0	0	0	0	0
0	0	0	0	0	0	0	0
0	0	0	0	0	0	0	0
0	0	0	0	0	0	0	0
0	0	0	0	0	0	0	0
0	0	0	0	0	0	0	0
0	0	0	0	0	0	0	0
0	0	0	0	0	0	0	0
0	0	0	0	0	0	0	0
0	0	0	0	0	0	0	0
0	0	0	0	0	0	0	0
0	0	0	0	0	0	0	0
0	0	0	0	0	0	0	0
0	0	0	0	0	0	0	0
0	0	0	0	0	0	0	0
0	0	0	0	0	0	0	0
0	0	0	0	0	0	0	0
0	0	0	0	0	0	0	0
0	0	0	0	0	0	0	0
0	0	0	0	0	0	0	0
0	0	0	0	0	0	0	0
0	0	0	0	0	0	0	0
0	0	0	0	0	0	0	0
0	0	0	0	0	0	0	0
0	0	0	0	0	0	0	0
0	0	0	0	0	0	0	0
0	0	0	0	0	0	0	0
0	0	0	0	0	0	0	0
0	0	0	0	0	0	0	0
0	0	0	0	0	0	0	0
0	0	0	0	0	0	0	0
0	0	0	0	0	0	0	0
0	0	0	0	0	0	0	0
0	0	0	0	0	0	0	0
0	0	0	0	0	0	0	0
0	0	0	0	0	0	0	0
0	0	0	0	0	0	0	0
0	0	0	0	0	0	0	0
0	0	0	0	0	0	0	0
0	0	0	0	0	0	0	0
0	0	0	0	0	0	0	0
0	0	0	0	0	0	0	0
0	0	0	0	0	0	0	0
0	0	0	0	0	0	0	0
0	0	0	0	0	0	0	0
0	0	0	0	0	0	0	0
0	0	0	0	0	0	0	0
0	0	0	0	0	0	0	0
0	0	0	0	0	0	0	0
0	0	0	0	0	0	0	0
0	0	0	0	0	0	0	0
0	0	0	0	0	0	0	0
0	0	0	0	0	0	0	0
0	0	0	0	0	0	0	0
0	0	0	0	0	0	0	0
0	0	0	0	0	0	0	0
0	0	0	0	0	0	0	0
0	0	0	0	0	0	0	0
0	0	0	0	0	0	0	0
0	0	0	0	0	0	0	0
0	0	0	0	0	0	0	0
0	0	0	0	0	0	0	0
0	0	0	0	0	0	0	0
0	0	0	0	0	0	0	0
0	0	0	0	0	0	0	0
0	0	0	0	0	0	0	0
0	0	0	0	0	0	0	0
0	0	0	0	0	0	0	0
0	0	0	0	0	0	0	0
0	0	0	0	0	0	0	0
0	0	0	0	0	0	0	0

