single point
    aquf_caco3                      0.002709277503359911    1.000000000000000    0.000000000000000
    aquf_caso4                      0.07953910830125506    1.000000000000000    0.000000000000000
    aquf_mgso4                      0.09225791926353459    1.000000000000000    0.000000000000000
   soil_caco_h                      10.54085799109318    1.000000000000000    0.000000000000000
   soil_caco_l                      3.636729598630442    1.000000000000000    0.000000000000000
   soil_caco_m                      14.72064813544150    1.000000000000000    0.000000000000000
  soil_caco_mh                      0.7482567293908453    1.000000000000000    0.000000000000000
  soil_caco_ml                      5.288421330965304    1.000000000000000    0.000000000000000
   soil_caso_h                      0.2292668660187883    1.000000000000000    0.000000000000000
   soil_caso_l                      0.09507483939129975    1.000000000000000    0.000000000000000
   soil_caso_m                      0.1680540812601529    1.000000000000000    0.000000000000000
  soil_caso_mh                      0.5742185970785013    1.000000000000000    0.000000000000000
  soil_caso_ml                      0.07334021565480069    1.000000000000000    0.000000000000000
           p12                      1.610000000000000    1.000000000000000    0.000000000000000
           p15                      2.000000000000000e-05    1.000000000000000    0.000000000000000
           p16                      1.450000000000000    1.000000000000000    0.000000000000000
           p17                      0.5000000000000000    1.000000000000000    0.000000000000000
           p20                      0.4000000000000000    1.000000000000000    0.000000000000000
           p23                      0.003200000000000000    1.000000000000000    0.000000000000000
           p25                      1.000000000000000e-05    1.000000000000000    0.000000000000000
           p40                      1.000000000000000    1.000000000000000    0.000000000000000
           p49                      3.170000000000000    1.000000000000000    0.000000000000000
            p5                      0.1150000000000000    1.000000000000000    0.000000000000000
           p50                      0.3000000000000000    1.000000000000000    0.000000000000000
           p51                      0.9000000000000000    1.000000000000000    0.000000000000000
           p61                      0.1150000000000000    1.000000000000000    0.000000000000000
           p90                      1.000000000000000    1.000000000000000    0.000000000000000
           p91                      0.08720000000000000    1.000000000000000    0.000000000000000
           p92                      2.000000000000000    1.000000000000000    0.000000000000000
   rivbot_rg01                      5.000000000000000    1.000000000000000   -5.000000000000000
   rivbot_rg02                      5.000000000000000    1.000000000000000   -5.000000000000000
   rivbot_rg03                      5.000000000000000    1.000000000000000   -5.000000000000000
   rivbot_rg04                      5.000000000000000    1.000000000000000   -5.000000000000000
   rivbot_rg05                      5.000000000000000    1.000000000000000   -5.000000000000000
    rivcd_rg01                      10.42484171725882    1.000000000000000   -50.00000000000000
    rivcd_rg02                      98.71297798666357    1.000000000000000   -50.00000000000000
    rivcd_rg03                      8.586076447916536    1.000000000000000   -50.00000000000000
    rivcd_rg04                      66.17422739031903    1.000000000000000   -50.00000000000000
    rivcd_rg05                      98.03664963999724    1.000000000000000   -50.00000000000000
    salt_ca000                      7.166622463119166    1.000000000000000    0.000000000000000
    salt_ca001                      1.004125290517865    1.000000000000000    0.000000000000000
    salt_ca002                      14.33707440114864    1.000000000000000    0.000000000000000
    salt_ca003                      237.4857369727553    1.000000000000000    0.000000000000000
    salt_ca004                      33.06471842563372    1.000000000000000    0.000000000000000
    salt_ca005                      4.429422598001859    1.000000000000000    0.000000000000000
    salt_ca006                      183.1114784847752    1.000000000000000    0.000000000000000
    salt_ca007                      84.93320595528483    1.000000000000000    0.000000000000000
    salt_ca008                      64.23039262337272    1.000000000000000    0.000000000000000
    salt_ca009                      7.480078653497579    1.000000000000000    0.000000000000000
    salt_ca010                      0.9183349317851912    1.000000000000000    0.000000000000000
    salt_ca011                      0.1691436658466255    1.000000000000000    0.000000000000000
    salt_ca012                      140.3181700000000    1.000000000000000    0.000000000000000
    salt_ca013                      4.850264060492003    1.000000000000000    0.000000000000000
    salt_ca014                      2.218996029830097    1.000000000000000    0.000000000000000
    salt_ca015                      0.7268914987078021    1.000000000000000    0.000000000000000
    salt_ca016                      135.7621700000000    1.000000000000000    0.000000000000000
    salt_ca017                      0.04052484380789660    1.000000000000000    0.000000000000000
    salt_ca018                      60.03919687934781    1.000000000000000    0.000000000000000
    salt_ca019                      34.91325538312722    1.000000000000000    0.000000000000000
    salt_ca020                      58.52690375899041    1.000000000000000    0.000000000000000
    salt_ca021                      0.4448447079160411    1.000000000000000    0.000000000000000
    salt_ca022                      21.36100367723638    1.000000000000000    0.000000000000000
    salt_ca023                      11.24736446460832    1.000000000000000    0.000000000000000
    salt_ca024                      112.7101700000000    1.000000000000000    0.000000000000000
    salt_ca025                      22.68317696389635    1.000000000000000    0.000000000000000
    salt_ca026                      0.1254764730769387    1.000000000000000    0.000000000000000
    salt_ca027                      105.0106260124570    1.000000000000000    0.000000000000000
    salt_ca028                      7.243279985637363    1.000000000000000    0.000000000000000
    salt_ca029                      1.150248265547467    1.000000000000000    0.000000000000000
    salt_ca030                      177.3493769883973    1.000000000000000    0.000000000000000
    salt_ca031                      229.9996242416223    1.000000000000000    0.000000000000000
    salt_ca032                      0.02133114235492379    1.000000000000000    0.000000000000000
    salt_ca033                      98.27439522259371    1.000000000000000    0.000000000000000
    salt_ca034                      5.526233897253134    1.000000000000000    0.000000000000000
    salt_ca035                      184.2484791392486    1.000000000000000    0.000000000000000
    salt_ca036                      0.03152968356280018    1.000000000000000    0.000000000000000
    salt_cl000                      0.01535311951061721    1.000000000000000    0.000000000000000
    salt_cl001                      1.479000000000000    1.000000000000000    0.000000000000000
    salt_cl002                      0.008830034910989736    1.000000000000000    0.000000000000000
    salt_cl003                      0.0008238442455537098    1.000000000000000    0.000000000000000
    salt_cl004                      2.346000000000000    1.000000000000000    0.000000000000000
    salt_cl005                      1.163952409526742    1.000000000000000    0.000000000000000
    salt_cl006                      0.3933083178371953    1.000000000000000    0.000000000000000
    salt_cl007                      0.3172423453131020    1.000000000000000    0.000000000000000
    salt_cl008                      0.6634211885101430    1.000000000000000    0.000000000000000
    salt_cl009                      0.007214005014642774    1.000000000000000    0.000000000000000
    salt_cl010                      9.544042665817182e-07    1.000000000000000    0.000000000000000
    salt_cl011                      1.587000300737263    1.000000000000000    0.000000000000000
    salt_cl012                      69.03906005049036    1.000000000000000    0.000000000000000
    salt_cl013                      20.42311940425468    1.000000000000000    0.000000000000000
    salt_cl014                      0.007103970477946227    1.000000000000000    0.000000000000000
    salt_cl015                      164.7301699999999    1.000000000000000    0.000000000000000
    salt_cl016                      0.2146487122605034    1.000000000000000    0.000000000000000
    salt_cl017                      37.67960641691102    1.000000000000000    0.000000000000000
    salt_cl018                      8.173562325256016    1.000000000000000    0.000000000000000
    salt_cl019                      1.053880297458319    1.000000000000000    0.000000000000000
    salt_cl020                      227.1733783072939    1.000000000000000    0.000000000000000
    salt_cl021                      0.02686940028803467    1.000000000000000    0.000000000000000
    salt_cl022                      0.8912179164933213    1.000000000000000    0.000000000000000
    salt_cl023                      1.253683844776878    1.000000000000000    0.000000000000000
    salt_cl024                      13.32283491791170    1.000000000000000    0.000000000000000
    salt_cl025                      14.68930918298678    1.000000000000000    0.000000000000000
    salt_cl026                      35.38411946762814    1.000000000000000    0.000000000000000
    salt_cl027                      0.004797591525626953    1.000000000000000    0.000000000000000
    salt_cl028                      538.8125409064047    1.000000000000000    0.000000000000000
    salt_cl029                      19.91339579463007    1.000000000000000    0.000000000000000
    salt_cl030                      0.5184620215036345    1.000000000000000    0.000000000000000
    salt_cl031                      201.4443093938563    1.000000000000000    0.000000000000000
    salt_cl032                      61.53168365760389    1.000000000000000    0.000000000000000
    salt_cl033                      0.002258811566713130    1.000000000000000    0.000000000000000
    salt_cl034                      937.5687000000003    1.000000000000000    0.000000000000000
    salt_cl035                      361.7631761451657    1.000000000000000    0.000000000000000
    salt_cl036                      8.854590394031922    1.000000000000000    0.000000000000000
   salt_co3000                      2.332202785612292    1.000000000000000    0.000000000000000
   salt_co3001                      0.1829030934072585    1.000000000000000    0.000000000000000
   salt_co3002                      0.1917624186760603    1.000000000000000    0.000000000000000
   salt_co3003                      1.396357239647938    1.000000000000000    0.000000000000000
   salt_co3004                      0.6638131328346663    1.000000000000000    0.000000000000000
   salt_co3005                      3.104717226340068    1.000000000000000    0.000000000000000
   salt_co3006                      6.361709941928050e-05    1.000000000000000    0.000000000000000
   salt_co3007                      0.1196235288962581    1.000000000000000    0.000000000000000
   salt_co3008                      4.114000000000000    1.000000000000000    0.000000000000000
   salt_co3009                      0.09019781675497678    1.000000000000000    0.000000000000000
   salt_co3010                      1.942990366083079    1.000000000000000    0.000000000000000
   salt_co3011                      2.947523589755848    1.000000000000000    0.000000000000000
   salt_co3012                      1.238352552321862    1.000000000000000    0.000000000000000
   salt_co3013                      3.450715147003626    1.000000000000000    0.000000000000000
   salt_co3014                      0.6935756201082732    1.000000000000000    0.000000000000000
   salt_co3015                      0.001075671748670012    1.000000000000000    0.000000000000000
   salt_co3016                      9.215638572751518    1.000000000000000    0.000000000000000
   salt_co3017                      0.8048213638214446    1.000000000000000    0.000000000000000
   salt_co3018                      0.01199615104859162    1.000000000000000    0.000000000000000
   salt_co3019                      0.9850969736438463    1.000000000000000    0.000000000000000
   salt_co3020                      6.989954708180172    1.000000000000000    0.000000000000000
   salt_co3021                      7.718000000000001    1.000000000000000    0.000000000000000
   salt_co3022                      0.0008043208111795561    1.000000000000000    0.000000000000000
   salt_co3023                      0.02930880547290349    1.000000000000000    0.000000000000000
   salt_co3024                      0.002872639939248408    1.000000000000000    0.000000000000000
   salt_co3025                      0.0007755178469458935    1.000000000000000    0.000000000000000
   salt_co3026                      1.946016858951378    1.000000000000000    0.000000000000000
   salt_co3027                      0.2827405992349776    1.000000000000000    0.000000000000000
   salt_co3028                      11.77871780269614    1.000000000000000    0.000000000000000
   salt_co3029                      0.003380102724354388    1.000000000000000    0.000000000000000
   salt_co3030                      2.991711425584456    1.000000000000000    0.000000000000000
   salt_co3031                      8.308846136757786    1.000000000000000    0.000000000000000
   salt_co3032                      0.2124726276451215    1.000000000000000    0.000000000000000
   salt_co3033                      2.429695144742376    1.000000000000000    0.000000000000000
   salt_co3034                      4.199676137038959    1.000000000000000    0.000000000000000
   salt_co3035                      2.286718095740864    1.000000000000000    0.000000000000000
   salt_co3036                      0.004487977177628238    1.000000000000000    0.000000000000000
  salt_hco3000                      105.3545394114262    1.000000000000000    0.000000000000000
  salt_hco3001                      4.845586036308172    1.000000000000000    0.000000000000000
  salt_hco3002                      0.04525664823993573    1.000000000000000    0.000000000000000
  salt_hco3003                      2.304696209050186    1.000000000000000    0.000000000000000
  salt_hco3004                      237.7997079350871    1.000000000000000    0.000000000000000
  salt_hco3005                      42.24733999938615    1.000000000000000    0.000000000000000
  salt_hco3006                      1.488123563051831    1.000000000000000    0.000000000000000
  salt_hco3007                      2.012209888727359    1.000000000000000    0.000000000000000
  salt_hco3008                      0.001486038810819331    1.000000000000000    0.000000000000000
  salt_hco3009                      32.94513120895316    1.000000000000000    0.000000000000000
  salt_hco3010                      1.654501921630647    1.000000000000000    0.000000000000000
  salt_hco3011                      0.1512160927768410    1.000000000000000    0.000000000000000
  salt_hco3012                      484.0027796312471    1.000000000000000    0.000000000000000
  salt_hco3013                      397.1292419724022    1.000000000000000    0.000000000000000
  salt_hco3014                      162.6461724657351    1.000000000000000    0.000000000000000
  salt_hco3015                      0.003145525149917003    1.000000000000000    0.000000000000000
  salt_hco3016                      473.4766895753124    1.000000000000000    0.000000000000000
  salt_hco3017                      559.1386247421073    1.000000000000000    0.000000000000000
  salt_hco3018                      0.4723469306107980    1.000000000000000    0.000000000000000
  salt_hco3019                      750.8117034939675    1.000000000000000    0.000000000000000
  salt_hco3020                      671.0006087020694    1.000000000000000    0.000000000000000
  salt_hco3021                      458.4250950823998    1.000000000000000    0.000000000000000
  salt_hco3022                      396.2024380665660    1.000000000000000    0.000000000000000
  salt_hco3023                      1024.387700000000    1.000000000000000    0.000000000000000
  salt_hco3024                      115.2691322607252    1.000000000000000    0.000000000000000
  salt_hco3025                      806.5479999999999    1.000000000000000    0.000000000000000
  salt_hco3026                      705.0749999999997    1.000000000000000    0.000000000000000
  salt_hco3027                      243.8832795214971    1.000000000000000    0.000000000000000
  salt_hco3028                      519.3861424793954    1.000000000000000    0.000000000000000
  salt_hco3029                      236.4068041945859    1.000000000000000    0.000000000000000
  salt_hco3030                      0.3252938329608116    1.000000000000000    0.000000000000000
  salt_hco3031                      298.4983936774844    1.000000000000000    0.000000000000000
  salt_hco3032                      54.29153778248988    1.000000000000000    0.000000000000000
  salt_hco3033                      353.3518135230721    1.000000000000000    0.000000000000000
  salt_hco3034                      95.16639634842494    1.000000000000000    0.000000000000000
  salt_hco3035                      299.6789895428830    1.000000000000000    0.000000000000000
  salt_hco3036                      61.75564421830269    1.000000000000000    0.000000000000000
     salt_k000                      1.833546745340637    1.000000000000000    0.000000000000000
     salt_k001                      2.244000000000000    1.000000000000000    0.000000000000000
     salt_k002                      1.447691330980484    1.000000000000000    0.000000000000000
     salt_k003                      0.2751396561973682    1.000000000000000    0.000000000000000
     salt_k004                      2.705062474968726    1.000000000000000    0.000000000000000
     salt_k005                      2.014984090037453    1.000000000000000    0.000000000000000
     salt_k006                      0.8509938430994928    1.000000000000000    0.000000000000000
     salt_k007                      9.068525200488311e-07    1.000000000000000    0.000000000000000
     salt_k008                      0.07943314585388501    1.000000000000000    0.000000000000000
     salt_k009                      1.207054093091249    1.000000000000000    0.000000000000000
     salt_k010                      1.666000000000000    1.000000000000000    0.000000000000000
     salt_k011                      0.09547678523173900    1.000000000000000    0.000000000000000
     salt_k012                      0.3130365334804763    1.000000000000000    0.000000000000000
     salt_k013                      0.003849547674728389    1.000000000000000    0.000000000000000
     salt_k014                      0.1192124464149946    1.000000000000000    0.000000000000000
     salt_k015                      0.03223632290622816    1.000000000000000    0.000000000000000
     salt_k016                      0.007818871428766262    1.000000000000000    0.000000000000000
     salt_k017                      0.3109231276690672    1.000000000000000    0.000000000000000
     salt_k018                      1.591384586457161    1.000000000000000    0.000000000000000
     salt_k019                      5.406000000000000    1.000000000000000    0.000000000000000
     salt_k020                      1.468171699247086    1.000000000000000    0.000000000000000
     salt_k021                      0.009214235925991653    1.000000000000000    0.000000000000000
     salt_k022                      0.002394924440985549    1.000000000000000    0.000000000000000
     salt_k023                      0.3989099596406795    1.000000000000000    0.000000000000000
     salt_k024                      1.887000000000000    1.000000000000000    0.000000000000000
     salt_k025                      1.020351775782039    1.000000000000000    0.000000000000000
     salt_k026                      0.1716247224906693    1.000000000000000    0.000000000000000
     salt_k027                      1.479000000000000    1.000000000000000    0.000000000000000
     salt_k028                      2.584000000000000    1.000000000000000    0.000000000000000
     salt_k029                      0.1652844381500740    1.000000000000000    0.000000000000000
     salt_k030                      4.284000000000000    1.000000000000000    0.000000000000000
     salt_k031                      0.01213717171841171    1.000000000000000    0.000000000000000
     salt_k032                      3.789683654253934    1.000000000000000    0.000000000000000
     salt_k033                      1.213664100056757    1.000000000000000    0.000000000000000
     salt_k034                      3.614079086382798    1.000000000000000    0.000000000000000
     salt_k035                      0.4103461635216361    1.000000000000000    0.000000000000000
     salt_k036                      0.3557628834489720    1.000000000000000    0.000000000000000
    salt_mg000                      0.7382196004969177    1.000000000000000    0.000000000000000
    salt_mg001                      0.09172200159036593    1.000000000000000    0.000000000000000
    salt_mg002                      15.52677498732332    1.000000000000000    0.000000000000000
    salt_mg003                      0.1860799453456185    1.000000000000000    0.000000000000000
    salt_mg004                      0.2070953818109316    1.000000000000000    0.000000000000000
    salt_mg005                      0.6147858070731929    1.000000000000000    0.000000000000000
    salt_mg006                      17.29791169691427    1.000000000000000    0.000000000000000
    salt_mg007                      43.44851036159954    1.000000000000000    0.000000000000000
    salt_mg008                      0.0004449292044411717    1.000000000000000    0.000000000000000
    salt_mg009                      0.008703553993057391    1.000000000000000    0.000000000000000
    salt_mg010                      1.379059391498301    1.000000000000000    0.000000000000000
    salt_mg011                      25.42021338577126    1.000000000000000    0.000000000000000
    salt_mg012                      0.07062359083442947    1.000000000000000    0.000000000000000
    salt_mg013                      1.626234862395529    1.000000000000000    0.000000000000000
    salt_mg014                      2.287394883512573    1.000000000000000    0.000000000000000
    salt_mg015                      4.355270841667628    1.000000000000000    0.000000000000000
    salt_mg016                      6.172207408877806    1.000000000000000    0.000000000000000
    salt_mg017                      0.003660274219639071    1.000000000000000    0.000000000000000
    salt_mg018                      0.2566303346631896    1.000000000000000    0.000000000000000
    salt_mg019                      9.790960677106021    1.000000000000000    0.000000000000000
    salt_mg020                      27.12973777090748    1.000000000000000    0.000000000000000
    salt_mg021                      1.218713634895630    1.000000000000000    0.000000000000000
    salt_mg022                      22.57799121772427    1.000000000000000    0.000000000000000
    salt_mg023                      1.866314882324902    1.000000000000000    0.000000000000000
    salt_mg024                      17.07670613077614    1.000000000000000    0.000000000000000
    salt_mg025                      3.686077559646451    1.000000000000000    0.000000000000000
    salt_mg026                      13.04177635938685    1.000000000000000    0.000000000000000
    salt_mg027                      9.919875567215627    1.000000000000000    0.000000000000000
    salt_mg028                      11.62892374318087    1.000000000000000    0.000000000000000
    salt_mg029                      1.269808274495209    1.000000000000000    0.000000000000000
    salt_mg030                      7.505405963874402    1.000000000000000    0.000000000000000
    salt_mg031                      27.35300000000001    1.000000000000000    0.000000000000000
    salt_mg032                      31.56900000000000    1.000000000000000    0.000000000000000
    salt_mg033                      4.711729298129393    1.000000000000000    0.000000000000000
    salt_mg034                      1.029036846278733    1.000000000000000    0.000000000000000
    salt_mg035                      31.85799999999999    1.000000000000000    0.000000000000000
    salt_mg036                      6.592488260681511    1.000000000000000    0.000000000000000
    salt_na000                      8.149932122360349    1.000000000000000    0.000000000000000
    salt_na001                      0.001730264746868705    1.000000000000000    0.000000000000000
    salt_na002                      11.27108494690855    1.000000000000000    0.000000000000000
    salt_na003                      2.891493254614239    1.000000000000000    0.000000000000000
    salt_na004                      0.3838459934006289    1.000000000000000    0.000000000000000
    salt_na005                      2.935787309215312    1.000000000000000    0.000000000000000
    salt_na006                      8.490947422810745    1.000000000000000    0.000000000000000
    salt_na007                      11.40638663572354    1.000000000000000    0.000000000000000
    salt_na008                      2.442740129724095    1.000000000000000    0.000000000000000
    salt_na009                      1.608848630166112    1.000000000000000    0.000000000000000
    salt_na010                      0.2636058847460183    1.000000000000000    0.000000000000000
    salt_na011                      0.001160419686286658    1.000000000000000    0.000000000000000
    salt_na012                      98.65211781914439    1.000000000000000    0.000000000000000
    salt_na013                      0.2149540797619847    1.000000000000000    0.000000000000000
    salt_na014                      2.620359725575794    1.000000000000000    0.000000000000000
    salt_na015                      74.00018015284518    1.000000000000000    0.000000000000000
    salt_na016                      0.07891639664379094    1.000000000000000    0.000000000000000
    salt_na017                      18.80957527806503    1.000000000000000    0.000000000000000
    salt_na018                      318.6748211612014    1.000000000000000    0.000000000000000
    salt_na019                      8.807931692617110    1.000000000000000    0.000000000000000
    salt_na020                      286.4500000000000    1.000000000000000    0.000000000000000
    salt_na021                      17.90145244000300    1.000000000000000    0.000000000000000
    salt_na022                      0.4939735823129752    1.000000000000000    0.000000000000000
    salt_na023                      351.2375124473858    1.000000000000000    0.000000000000000
    salt_na024                      0.07615463466941394    1.000000000000000    0.000000000000000
    salt_na025                      6.803682649429588    1.000000000000000    0.000000000000000
    salt_na026                      112.6166111201737    1.000000000000000    0.000000000000000
    salt_na027                      39.67807542470732    1.000000000000000    0.000000000000000
    salt_na028                      405.9600000000002    1.000000000000000    0.000000000000000
    salt_na029                      291.2949999999999    1.000000000000000    0.000000000000000
    salt_na030                      0.003215795679548485    1.000000000000000    0.000000000000000
    salt_na031                      13.53325834462087    1.000000000000000    0.000000000000000
    salt_na032                      0.02986632960836767    1.000000000000000    0.000000000000000
    salt_na033                      384.1320000000002    1.000000000000000    0.000000000000000
    salt_na034                      3.263243185768621    1.000000000000000    0.000000000000000
    salt_na035                      212.8076469749481    1.000000000000000    0.000000000000000
    salt_na036                      1.760233510485002    1.000000000000000    0.000000000000000
   salt_so4000                      0.08729472588950404    1.000000000000000    0.000000000000000
   salt_so4001                      4.398833901302357    1.000000000000000    0.000000000000000
   salt_so4002                      425.2426317385917    1.000000000000000    0.000000000000000
   salt_so4003                      0.8323020317526940    1.000000000000000    0.000000000000000
   salt_so4004                      12.11481377067976    1.000000000000000    0.000000000000000
   salt_so4005                      14.90426867852573    1.000000000000000    0.000000000000000
   salt_so4006                      661.3679999999997    1.000000000000000    0.000000000000000
   salt_so4007                      265.9765610821120    1.000000000000000    0.000000000000000
   salt_so4008                      0.0005446630990988844    1.000000000000000    0.000000000000000
   salt_so4009                      22.92343923528042    1.000000000000000    0.000000000000000
   salt_so4010                      2.376796843998135    1.000000000000000    0.000000000000000
   salt_so4011                      170.0499497396800    1.000000000000000    0.000000000000000
   salt_so4012                      77.65692155683989    1.000000000000000    0.000000000000000
   salt_so4013                      127.7937580026025    1.000000000000000    0.000000000000000
   salt_so4014                      134.9239990707976    1.000000000000000    0.000000000000000
   salt_so4015                      0.005875503565502863    1.000000000000000    0.000000000000000
   salt_so4016                      147.9142874161907    1.000000000000000    0.000000000000000
   salt_so4017                      45.56951927544825    1.000000000000000    0.000000000000000
   salt_so4018                      94.70757282020526    1.000000000000000    0.000000000000000
   salt_so4019                      152.5414534955927    1.000000000000000    0.000000000000000
   salt_so4020                      0.3422016011692598    1.000000000000000    0.000000000000000
   salt_so4021                      10.15572912236392    1.000000000000000    0.000000000000000
   salt_so4022                      136.5973367316984    1.000000000000000    0.000000000000000
   salt_so4023                      119.1659702411235    1.000000000000000    0.000000000000000
   salt_so4024                      29.67928107953648    1.000000000000000    0.000000000000000
   salt_so4025                      0.005848005632258884    1.000000000000000    0.000000000000000
   salt_so4026                      0.02127384097452857    1.000000000000000    0.000000000000000
   salt_so4027                      83.94166935587513    1.000000000000000    0.000000000000000
   salt_so4028                      0.001125418990322339    1.000000000000000    0.000000000000000
   salt_so4029                      63.69217851031370    1.000000000000000    0.000000000000000
   salt_so4030                      36.22928208622323    1.000000000000000    0.000000000000000
   salt_so4031                      97.89403397242097    1.000000000000000    0.000000000000000
   salt_so4032                      12.38551177205403    1.000000000000000    0.000000000000000
   salt_so4033                      24.65203293248986    1.000000000000000    0.000000000000000
   salt_so4034                      290.7991091087269    1.000000000000000    0.000000000000000
   salt_so4035                      14.24580432089886    1.000000000000000    0.000000000000000
   salt_so4036                      3.990410878422826e-05    1.000000000000000    0.000000000000000
