single point
    aquf_caco3                      0.002757794358316143    1.000000000000000    0.000000000000000
    aquf_caso4                      0.07649139841670130    1.000000000000000    0.000000000000000
    aquf_mgso4                      0.09446514387754840    1.000000000000000    0.000000000000000
   soil_caco_h                      10.73713569425461    1.000000000000000    0.000000000000000
   soil_caco_l                      3.583771447826931    1.000000000000000    0.000000000000000
   soil_caco_m                      14.99008727110964    1.000000000000000    0.000000000000000
  soil_caco_mh                      0.7326937698294366    1.000000000000000    0.000000000000000
  soil_caco_ml                      5.594572909562679    1.000000000000000    0.000000000000000
   soil_caso_h                      0.1829088813065123    1.000000000000000    0.000000000000000
   soil_caso_l                      0.1043706418992622    1.000000000000000    0.000000000000000
   soil_caso_m                      0.1778868624392989    1.000000000000000    0.000000000000000
  soil_caso_mh                      0.5536204491925589    1.000000000000000    0.000000000000000
  soil_caso_ml                      0.06674997867577206    1.000000000000000    0.000000000000000
           p12                      1.610000000000000    1.000000000000000    0.000000000000000
           p15                      2.000000000000000e-05    1.000000000000000    0.000000000000000
           p16                      1.450000000000000    1.000000000000000    0.000000000000000
           p17                      0.5000000000000000    1.000000000000000    0.000000000000000
           p20                      0.4000000000000000    1.000000000000000    0.000000000000000
           p23                      0.003200000000000000    1.000000000000000    0.000000000000000
           p25                      1.000000000000000e-05    1.000000000000000    0.000000000000000
           p40                      1.000000000000000    1.000000000000000    0.000000000000000
           p49                      3.170000000000000    1.000000000000000    0.000000000000000
            p5                      0.1150000000000000    1.000000000000000    0.000000000000000
           p50                      0.3000000000000000    1.000000000000000    0.000000000000000
           p51                      0.9000000000000000    1.000000000000000    0.000000000000000
           p61                      0.1150000000000000    1.000000000000000    0.000000000000000
           p90                      1.000000000000000    1.000000000000000    0.000000000000000
           p91                      0.08720000000000000    1.000000000000000    0.000000000000000
           p92                      2.000000000000000    1.000000000000000    0.000000000000000
   rivbot_rg01                      5.000000000000000    1.000000000000000   -5.000000000000000
   rivbot_rg02                      5.000000000000000    1.000000000000000   -5.000000000000000
   rivbot_rg03                      5.000000000000000    1.000000000000000   -5.000000000000000
   rivbot_rg04                      5.000000000000000    1.000000000000000   -5.000000000000000
   rivbot_rg05                      5.000000000000000    1.000000000000000   -5.000000000000000
    rivcd_rg01                      10.62841596300039    1.000000000000000   -50.00000000000000
    rivcd_rg02                      98.19837881495535    1.000000000000000   -50.00000000000000
    rivcd_rg03                      8.173263709437521    1.000000000000000   -50.00000000000000
    rivcd_rg04                      66.60962390574902    1.000000000000000   -50.00000000000000
    rivcd_rg05                      98.09489491981842    1.000000000000000   -50.00000000000000
    salt_ca000                      7.140586907690397    1.000000000000000    0.000000000000000
    salt_ca001                      0.9976586169258745    1.000000000000000    0.000000000000000
    salt_ca002                      16.89447987592012    1.000000000000000    0.000000000000000
    salt_ca003                      251.4980000000001    1.000000000000000    0.000000000000000
    salt_ca004                      30.01012143612192    1.000000000000000    0.000000000000000
    salt_ca005                      5.800417040775782    1.000000000000000    0.000000000000000
    salt_ca006                      175.1881506935770    1.000000000000000    0.000000000000000
    salt_ca007                      89.30622628574632    1.000000000000000    0.000000000000000
    salt_ca008                      70.38012484807736    1.000000000000000    0.000000000000000
    salt_ca009                      6.314683013594571    1.000000000000000    0.000000000000000
    salt_ca010                      0.6819828211656470    1.000000000000000    0.000000000000000
    salt_ca011                      0.2068967928889741    1.000000000000000    0.000000000000000
    salt_ca012                      140.3181700000000    1.000000000000000    0.000000000000000
    salt_ca013                      5.151092497069102    1.000000000000000    0.000000000000000
    salt_ca014                      3.293010842789077    1.000000000000000    0.000000000000000
    salt_ca015                      0.9066174868362539    1.000000000000000    0.000000000000000
    salt_ca016                      135.7621700000000    1.000000000000000    0.000000000000000
    salt_ca017                      0.03428497127463759    1.000000000000000    0.000000000000000
    salt_ca018                      70.95455831002744    1.000000000000000    0.000000000000000
    salt_ca019                      33.52025316789386    1.000000000000000    0.000000000000000
    salt_ca020                      60.89443902315514    1.000000000000000    0.000000000000000
    salt_ca021                      0.4410841157505667    1.000000000000000    0.000000000000000
    salt_ca022                      16.67471521184420    1.000000000000000    0.000000000000000
    salt_ca023                      12.96018984031184    1.000000000000000    0.000000000000000
    salt_ca024                      112.7101700000000    1.000000000000000    0.000000000000000
    salt_ca025                      16.57588096902323    1.000000000000000    0.000000000000000
    salt_ca026                      0.1068974741235639    1.000000000000000    0.000000000000000
    salt_ca027                      106.6921700000001    1.000000000000000    0.000000000000000
    salt_ca028                      8.154761008702280    1.000000000000000    0.000000000000000
    salt_ca029                      1.304588435726043    1.000000000000000    0.000000000000000
    salt_ca030                      193.8118294751246    1.000000000000000    0.000000000000000
    salt_ca031                      234.7133482979854    1.000000000000000    0.000000000000000
    salt_ca032                      0.02603161396926372    1.000000000000000    0.000000000000000
    salt_ca033                      90.79199407459713    1.000000000000000    0.000000000000000
    salt_ca034                      5.764334213318940    1.000000000000000    0.000000000000000
    salt_ca035                      188.5969712461336    1.000000000000000    0.000000000000000
    salt_ca036                      0.02699024759199069    1.000000000000000    0.000000000000000
    salt_cl000                      0.01466659309828203    1.000000000000000    0.000000000000000
    salt_cl001                      1.479000000000000    1.000000000000000    0.000000000000000
    salt_cl002                      0.008420299534476197    1.000000000000000    0.000000000000000
    salt_cl003                      0.0006805793790058410    1.000000000000000    0.000000000000000
    salt_cl004                      2.346000000000000    1.000000000000000    0.000000000000000
    salt_cl005                      1.375180589905239    1.000000000000000    0.000000000000000
    salt_cl006                      0.3361767816331582    1.000000000000000    0.000000000000000
    salt_cl007                      0.3806212517542887    1.000000000000000    0.000000000000000
    salt_cl008                      0.6900407601377779    1.000000000000000    0.000000000000000
    salt_cl009                      0.006547846986780717    1.000000000000000    0.000000000000000
    salt_cl010                      8.333670692123229e-07    1.000000000000000    0.000000000000000
    salt_cl011                      1.784729821509446    1.000000000000000    0.000000000000000
    salt_cl012                      63.78983170251306    1.000000000000000    0.000000000000000
    salt_cl013                      21.50564130722672    1.000000000000000    0.000000000000000
    salt_cl014                      0.007721603516697166    1.000000000000000    0.000000000000000
    salt_cl015                      164.7301699999999    1.000000000000000    0.000000000000000
    salt_cl016                      0.2123861310134154    1.000000000000000    0.000000000000000
    salt_cl017                      37.24964895069929    1.000000000000000    0.000000000000000
    salt_cl018                      8.774290055145880    1.000000000000000    0.000000000000000
    salt_cl019                      1.144474879880608    1.000000000000000    0.000000000000000
    salt_cl020                      232.4538726703724    1.000000000000000    0.000000000000000
    salt_cl021                      0.03014239296783052    1.000000000000000    0.000000000000000
    salt_cl022                      0.8662810961905142    1.000000000000000    0.000000000000000
    salt_cl023                      0.9340971785294414    1.000000000000000    0.000000000000000
    salt_cl024                      13.76193626748922    1.000000000000000    0.000000000000000
    salt_cl025                      16.29622698593336    1.000000000000000    0.000000000000000
    salt_cl026                      33.24499759300821    1.000000000000000    0.000000000000000
    salt_cl027                      0.004513327222746003    1.000000000000000    0.000000000000000
    salt_cl028                      534.8622431052426    1.000000000000000    0.000000000000000
    salt_cl029                      22.59364734097492    1.000000000000000    0.000000000000000
    salt_cl030                      0.5313206110161200    1.000000000000000    0.000000000000000
    salt_cl031                      206.6337957060256    1.000000000000000    0.000000000000000
    salt_cl032                      67.20493568664331    1.000000000000000    0.000000000000000
    salt_cl033                      0.002214922882118023    1.000000000000000    0.000000000000000
    salt_cl034                      933.2168083402992    1.000000000000000    0.000000000000000
    salt_cl035                      361.1845878477617    1.000000000000000    0.000000000000000
    salt_cl036                      9.125424743020286    1.000000000000000    0.000000000000000
   salt_co3000                      2.682294892664965    1.000000000000000    0.000000000000000
   salt_co3001                      0.2016154034990938    1.000000000000000    0.000000000000000
   salt_co3002                      0.1972304978712177    1.000000000000000    0.000000000000000
   salt_co3003                      1.293292999080869    1.000000000000000    0.000000000000000
   salt_co3004                      0.7617944872267091    1.000000000000000    0.000000000000000
   salt_co3005                      3.118677345740746    1.000000000000000    0.000000000000000
   salt_co3006                      6.863144332576670e-05    1.000000000000000    0.000000000000000
   salt_co3007                      0.1134025254825580    1.000000000000000    0.000000000000000
   salt_co3008                      4.114000000000000    1.000000000000000    0.000000000000000
   salt_co3009                      0.1035955023473278    1.000000000000000    0.000000000000000
   salt_co3010                      2.025361445720808    1.000000000000000    0.000000000000000
   salt_co3011                      2.908670836759866    1.000000000000000    0.000000000000000
   salt_co3012                      1.085575396990587    1.000000000000000    0.000000000000000
   salt_co3013                      3.681692026282623    1.000000000000000    0.000000000000000
   salt_co3014                      0.6624083478778563    1.000000000000000    0.000000000000000
   salt_co3015                      0.001176910868599364    1.000000000000000    0.000000000000000
   salt_co3016                      8.924452248974630    1.000000000000000    0.000000000000000
   salt_co3017                      0.8203963226657366    1.000000000000000    0.000000000000000
   salt_co3018                      0.01202627078789960    1.000000000000000    0.000000000000000
   salt_co3019                      1.087014964897733    1.000000000000000    0.000000000000000
   salt_co3020                      6.849813296181601    1.000000000000000    0.000000000000000
   salt_co3021                      7.632424786858510    1.000000000000000    0.000000000000000
   salt_co3022                      0.0006838019253029018    1.000000000000000    0.000000000000000
   salt_co3023                      0.03074840783354798    1.000000000000000    0.000000000000000
   salt_co3024                      0.003029428043265806    1.000000000000000    0.000000000000000
   salt_co3025                      0.0006274563975971431    1.000000000000000    0.000000000000000
   salt_co3026                      1.838941694681371    1.000000000000000    0.000000000000000
   salt_co3027                      0.2622937642603195    1.000000000000000    0.000000000000000
   salt_co3028                      11.66275394679896    1.000000000000000    0.000000000000000
   salt_co3029                      0.003130248489640328    1.000000000000000    0.000000000000000
   salt_co3030                      3.130365453581367    1.000000000000000    0.000000000000000
   salt_co3031                      9.225847019208993    1.000000000000000    0.000000000000000
   salt_co3032                      0.2378291455434298    1.000000000000000    0.000000000000000
   salt_co3033                      2.431000000000000    1.000000000000000    0.000000000000000
   salt_co3034                      4.124357254311517    1.000000000000000    0.000000000000000
   salt_co3035                      2.397000000000000    1.000000000000000    0.000000000000000
   salt_co3036                      0.005196870825735066    1.000000000000000    0.000000000000000
  salt_hco3000                      89.56620147652829    1.000000000000000    0.000000000000000
  salt_hco3001                      5.006991596733929    1.000000000000000    0.000000000000000
  salt_hco3002                      0.05142935862688448    1.000000000000000    0.000000000000000
  salt_hco3003                      2.253302014985758    1.000000000000000    0.000000000000000
  salt_hco3004                      229.2906008263919    1.000000000000000    0.000000000000000
  salt_hco3005                      43.65911169057485    1.000000000000000    0.000000000000000
  salt_hco3006                      1.342986835577430    1.000000000000000    0.000000000000000
  salt_hco3007                      1.670201955899181    1.000000000000000    0.000000000000000
  salt_hco3008                      0.001257340273857035    1.000000000000000    0.000000000000000
  salt_hco3009                      33.17498156699995    1.000000000000000    0.000000000000000
  salt_hco3010                      1.343746010769524    1.000000000000000    0.000000000000000
  salt_hco3011                      0.1644256550073224    1.000000000000000    0.000000000000000
  salt_hco3012                      453.3028665884437    1.000000000000000    0.000000000000000
  salt_hco3013                      398.9869283344626    1.000000000000000    0.000000000000000
  salt_hco3014                      190.9127391773776    1.000000000000000    0.000000000000000
  salt_hco3015                      0.003736064409946286    1.000000000000000    0.000000000000000
  salt_hco3016                      476.1046845660832    1.000000000000000    0.000000000000000
  salt_hco3017                      560.1635432989509    1.000000000000000    0.000000000000000
  salt_hco3018                      0.3723485522298994    1.000000000000000    0.000000000000000
  salt_hco3019                      755.1059999999999    1.000000000000000    0.000000000000000
  salt_hco3020                      701.1140000000001    1.000000000000000    0.000000000000000
  salt_hco3021                      501.0069999999999    1.000000000000000    0.000000000000000
  salt_hco3022                      398.2271567392651    1.000000000000000    0.000000000000000
  salt_hco3023                      1024.387700000000    1.000000000000000    0.000000000000000
  salt_hco3024                      119.2331960909815    1.000000000000000    0.000000000000000
  salt_hco3025                      806.5479999999999    1.000000000000000    0.000000000000000
  salt_hco3026                      705.0749999999997    1.000000000000000    0.000000000000000
  salt_hco3027                      244.3238318157418    1.000000000000000    0.000000000000000
  salt_hco3028                      558.6880000000002    1.000000000000000    0.000000000000000
  salt_hco3029                      222.0600910668855    1.000000000000000    0.000000000000000
  salt_hco3030                      0.3399719800899637    1.000000000000000    0.000000000000000
  salt_hco3031                      349.3670000000001    1.000000000000000    0.000000000000000
  salt_hco3032                      59.73306773327577    1.000000000000000    0.000000000000000
  salt_hco3033                      419.1350000000002    1.000000000000000    0.000000000000000
  salt_hco3034                      89.07042003363546    1.000000000000000    0.000000000000000
  salt_hco3035                      287.0270272940684    1.000000000000000    0.000000000000000
  salt_hco3036                      66.72274535250730    1.000000000000000    0.000000000000000
     salt_k000                      1.841876336726197    1.000000000000000    0.000000000000000
     salt_k001                      2.244000000000000    1.000000000000000    0.000000000000000
     salt_k002                      1.448671669971493    1.000000000000000    0.000000000000000
     salt_k003                      0.2476057524253070    1.000000000000000    0.000000000000000
     salt_k004                      2.771491005796446    1.000000000000000    0.000000000000000
     salt_k005                      2.074000000000000    1.000000000000000    0.000000000000000
     salt_k006                      0.9634077844729968    1.000000000000000    0.000000000000000
     salt_k007                      7.606426783345027e-07    1.000000000000000    0.000000000000000
     salt_k008                      0.07110903364611051    1.000000000000000    0.000000000000000
     salt_k009                      1.251384421292189    1.000000000000000    0.000000000000000
     salt_k010                      1.639090286076243    1.000000000000000    0.000000000000000
     salt_k011                      0.1034388765776071    1.000000000000000    0.000000000000000
     salt_k012                      0.3557702244946687    1.000000000000000    0.000000000000000
     salt_k013                      0.003716167566894630    1.000000000000000    0.000000000000000
     salt_k014                      0.1253877904156143    1.000000000000000    0.000000000000000
     salt_k015                      0.03616341706766166    1.000000000000000    0.000000000000000
     salt_k016                      0.007748329140928069    1.000000000000000    0.000000000000000
     salt_k017                      0.3426160174000935    1.000000000000000    0.000000000000000
     salt_k018                      1.259090082319341    1.000000000000000    0.000000000000000
     salt_k019                      5.406000000000000    1.000000000000000    0.000000000000000
     salt_k020                      1.582638777825256    1.000000000000000    0.000000000000000
     salt_k021                      0.01021724395798624    1.000000000000000    0.000000000000000
     salt_k022                      0.002047834035698297    1.000000000000000    0.000000000000000
     salt_k023                      0.3493218514827631    1.000000000000000    0.000000000000000
     salt_k024                      1.887000000000000    1.000000000000000    0.000000000000000
     salt_k025                      1.030950390740492    1.000000000000000    0.000000000000000
     salt_k026                      0.1594550332390950    1.000000000000000    0.000000000000000
     salt_k027                      1.479000000000000    1.000000000000000    0.000000000000000
     salt_k028                      2.584000000000000    1.000000000000000    0.000000000000000
     salt_k029                      0.1396458952363067    1.000000000000000    0.000000000000000
     salt_k030                      4.281352143104671    1.000000000000000    0.000000000000000
     salt_k031                      0.01131028950403941    1.000000000000000    0.000000000000000
     salt_k032                      3.759659225688371    1.000000000000000    0.000000000000000
     salt_k033                      1.351768760107997    1.000000000000000    0.000000000000000
     salt_k034                      3.493839944928648    1.000000000000000    0.000000000000000
     salt_k035                      0.4095464020221996    1.000000000000000    0.000000000000000
     salt_k036                      0.3825618960305285    1.000000000000000    0.000000000000000
    salt_mg000                      0.7297999235647942    1.000000000000000    0.000000000000000
    salt_mg001                      0.1010654725218978    1.000000000000000    0.000000000000000
    salt_mg002                      16.00196244708180    1.000000000000000    0.000000000000000
    salt_mg003                      0.1991918729449774    1.000000000000000    0.000000000000000
    salt_mg004                      0.1694283984246020    1.000000000000000    0.000000000000000
    salt_mg005                      0.7124604657342535    1.000000000000000    0.000000000000000
    salt_mg006                      15.16461121127172    1.000000000000000    0.000000000000000
    salt_mg007                      49.94358022802070    1.000000000000000    0.000000000000000
    salt_mg008                      0.0004659470277342519    1.000000000000000    0.000000000000000
    salt_mg009                      0.009260684538297198    1.000000000000000    0.000000000000000
    salt_mg010                      1.206930555990885    1.000000000000000    0.000000000000000
    salt_mg011                      25.24614052768392    1.000000000000000    0.000000000000000
    salt_mg012                      0.08574226671922054    1.000000000000000    0.000000000000000
    salt_mg013                      1.538274368141500    1.000000000000000    0.000000000000000
    salt_mg014                      2.154148195932878    1.000000000000000    0.000000000000000
    salt_mg015                      3.551943279442667    1.000000000000000    0.000000000000000
    salt_mg016                      7.348310660030716    1.000000000000000    0.000000000000000
    salt_mg017                      0.003964187126457173    1.000000000000000    0.000000000000000
    salt_mg018                      0.2272520019179555    1.000000000000000    0.000000000000000
    salt_mg019                      9.553497797573632    1.000000000000000    0.000000000000000
    salt_mg020                      28.74621211511603    1.000000000000000    0.000000000000000
    salt_mg021                      1.220072011244258    1.000000000000000    0.000000000000000
    salt_mg022                      22.42962829292669    1.000000000000000    0.000000000000000
    salt_mg023                      1.717887954129476    1.000000000000000    0.000000000000000
    salt_mg024                      15.66975025985116    1.000000000000000    0.000000000000000
    salt_mg025                      4.222945170674235    1.000000000000000    0.000000000000000
    salt_mg026                      13.02049691716696    1.000000000000000    0.000000000000000
    salt_mg027                      10.22630013437083    1.000000000000000    0.000000000000000
    salt_mg028                      10.29849604000537    1.000000000000000    0.000000000000000
    salt_mg029                      1.368201927063038    1.000000000000000    0.000000000000000
    salt_mg030                      6.274592546702877    1.000000000000000    0.000000000000000
    salt_mg031                      26.99431463473216    1.000000000000000    0.000000000000000
    salt_mg032                      31.56900000000000    1.000000000000000    0.000000000000000
    salt_mg033                      4.529217765999026    1.000000000000000    0.000000000000000
    salt_mg034                      1.366957421285279    1.000000000000000    0.000000000000000
    salt_mg035                      31.41508724881194    1.000000000000000    0.000000000000000
    salt_mg036                      6.107453058941650    1.000000000000000    0.000000000000000
    salt_na000                      7.974129707721308    1.000000000000000    0.000000000000000
    salt_na001                      0.002053709313143303    1.000000000000000    0.000000000000000
    salt_na002                      10.72256343913158    1.000000000000000    0.000000000000000
    salt_na003                      2.123769227224382    1.000000000000000    0.000000000000000
    salt_na004                      0.3357499020021172    1.000000000000000    0.000000000000000
    salt_na005                      2.636154199107820    1.000000000000000    0.000000000000000
    salt_na006                      7.902648810736981    1.000000000000000    0.000000000000000
    salt_na007                      10.50925976602793    1.000000000000000    0.000000000000000
    salt_na008                      2.674516371469556    1.000000000000000    0.000000000000000
    salt_na009                      1.861924360181559    1.000000000000000    0.000000000000000
    salt_na010                      0.2320591573674669    1.000000000000000    0.000000000000000
    salt_na011                      0.001115909834110169    1.000000000000000    0.000000000000000
    salt_na012                      105.2098365901416    1.000000000000000    0.000000000000000
    salt_na013                      0.2081389444771746    1.000000000000000    0.000000000000000
    salt_na014                      2.994932369588120    1.000000000000000    0.000000000000000
    salt_na015                      84.28626780969402    1.000000000000000    0.000000000000000
    salt_na016                      0.08299210416886557    1.000000000000000    0.000000000000000
    salt_na017                      21.01995573118743    1.000000000000000    0.000000000000000
    salt_na018                      305.9382401423490    1.000000000000000    0.000000000000000
    salt_na019                      9.263526343700603    1.000000000000000    0.000000000000000
    salt_na020                      286.4500000000000    1.000000000000000    0.000000000000000
    salt_na021                      16.82686514357173    1.000000000000000    0.000000000000000
    salt_na022                      0.3962096027812272    1.000000000000000    0.000000000000000
    salt_na023                      367.1709513616933    1.000000000000000    0.000000000000000
    salt_na024                      0.07216946679059766    1.000000000000000    0.000000000000000
    salt_na025                      7.594903020530756    1.000000000000000    0.000000000000000
    salt_na026                      110.1329992072224    1.000000000000000    0.000000000000000
    salt_na027                      37.53255676358406    1.000000000000000    0.000000000000000
    salt_na028                      405.9600000000002    1.000000000000000    0.000000000000000
    salt_na029                      289.6443979710344    1.000000000000000    0.000000000000000
    salt_na030                      0.003077670096747032    1.000000000000000    0.000000000000000
    salt_na031                      12.01498599729189    1.000000000000000    0.000000000000000
    salt_na032                      0.02636133821452301    1.000000000000000    0.000000000000000
    salt_na033                      384.1320000000002    1.000000000000000    0.000000000000000
    salt_na034                      3.397327399720668    1.000000000000000    0.000000000000000
    salt_na035                      255.6460000000000    1.000000000000000    0.000000000000000
    salt_na036                      1.714179470793949    1.000000000000000    0.000000000000000
   salt_so4000                      0.05877709549155422    1.000000000000000    0.000000000000000
   salt_so4001                      4.472511932726686    1.000000000000000    0.000000000000000
   salt_so4002                      407.0547617347565    1.000000000000000    0.000000000000000
   salt_so4003                      0.8405815947853074    1.000000000000000    0.000000000000000
   salt_so4004                      12.85854166191512    1.000000000000000    0.000000000000000
   salt_so4005                      16.16057079802309    1.000000000000000    0.000000000000000
   salt_so4006                      661.3679999999997    1.000000000000000    0.000000000000000
   salt_so4007                      212.1223597210989    1.000000000000000    0.000000000000000
   salt_so4008                      0.0005570265906511389    1.000000000000000    0.000000000000000
   salt_so4009                      19.63147153131599    1.000000000000000    0.000000000000000
   salt_so4010                      2.364477365029631    1.000000000000000    0.000000000000000
   salt_so4011                      170.9162845326324    1.000000000000000    0.000000000000000
   salt_so4012                      93.39079599022160    1.000000000000000    0.000000000000000
   salt_so4013                      141.9715949019721    1.000000000000000    0.000000000000000
   salt_so4014                      117.5316897408370    1.000000000000000    0.000000000000000
   salt_so4015                      0.005380967791633683    1.000000000000000    0.000000000000000
   salt_so4016                      145.6261414383061    1.000000000000000    0.000000000000000
   salt_so4017                      43.18650023107615    1.000000000000000    0.000000000000000
   salt_so4018                      98.32474807179526    1.000000000000000    0.000000000000000
   salt_so4019                      159.0583064943521    1.000000000000000    0.000000000000000
   salt_so4020                      0.3539303890876451    1.000000000000000    0.000000000000000
   salt_so4021                      9.053439628218172    1.000000000000000    0.000000000000000
   salt_so4022                      146.4047113197537    1.000000000000000    0.000000000000000
   salt_so4023                      112.2880422925298    1.000000000000000    0.000000000000000
   salt_so4024                      28.31556466976710    1.000000000000000    0.000000000000000
   salt_so4025                      0.005878986201864204    1.000000000000000    0.000000000000000
   salt_so4026                      0.03047188388987722    1.000000000000000    0.000000000000000
   salt_so4027                      82.39013579925290    1.000000000000000    0.000000000000000
   salt_so4028                      0.001167079420168021    1.000000000000000    0.000000000000000
   salt_so4029                      72.89131843679192    1.000000000000000    0.000000000000000
   salt_so4030                      32.50183409150304    1.000000000000000    0.000000000000000
   salt_so4031                      108.4024535497383    1.000000000000000    0.000000000000000
   salt_so4032                      10.48313079168862    1.000000000000000    0.000000000000000
   salt_so4033                      28.71662199334664    1.000000000000000    0.000000000000000
   salt_so4034                      287.9388208898676    1.000000000000000    0.000000000000000
   salt_so4035                      13.05684335048461    1.000000000000000    0.000000000000000
   salt_so4036                      4.463118765186749e-05    1.000000000000000    0.000000000000000
