single point
    aquf_caco3                      0.003419429242893220    1.000000000000000    0.000000000000000
    aquf_caso4                      0.07327839055918779    1.000000000000000    0.000000000000000
    aquf_mgso4                      0.09445365524867876    1.000000000000000    0.000000000000000
   soil_caco_h                      11.63340535065627    1.000000000000000    0.000000000000000
   soil_caco_l                      3.532292458487110    1.000000000000000    0.000000000000000
   soil_caco_m                      15.55662115037735    1.000000000000000    0.000000000000000
  soil_caco_mh                      0.6648922459462558    1.000000000000000    0.000000000000000
  soil_caco_ml                      5.350303842825652    1.000000000000000    0.000000000000000
   soil_caso_h                      0.2012140504332295    1.000000000000000    0.000000000000000
   soil_caso_l                      0.1094438940071398    1.000000000000000    0.000000000000000
   soil_caso_m                      0.2066354904255581    1.000000000000000    0.000000000000000
  soil_caso_mh                      0.5434973917624087    1.000000000000000    0.000000000000000
  soil_caso_ml                      0.06783526768721558    1.000000000000000    0.000000000000000
           p12                      1.610000000000000    1.000000000000000    0.000000000000000
           p15                      2.000000000000000e-05    1.000000000000000    0.000000000000000
           p16                      1.450000000000000    1.000000000000000    0.000000000000000
           p17                      0.5000000000000000    1.000000000000000    0.000000000000000
           p20                      0.4000000000000000    1.000000000000000    0.000000000000000
           p23                      0.003200000000000000    1.000000000000000    0.000000000000000
           p25                      1.000000000000000e-05    1.000000000000000    0.000000000000000
           p40                      1.000000000000000    1.000000000000000    0.000000000000000
           p49                      3.170000000000000    1.000000000000000    0.000000000000000
            p5                      0.1150000000000000    1.000000000000000    0.000000000000000
           p50                      0.3000000000000000    1.000000000000000    0.000000000000000
           p51                      0.9000000000000000    1.000000000000000    0.000000000000000
           p61                      0.1150000000000000    1.000000000000000    0.000000000000000
           p90                      1.000000000000000    1.000000000000000    0.000000000000000
           p91                      0.08720000000000000    1.000000000000000    0.000000000000000
           p92                      2.000000000000000    1.000000000000000    0.000000000000000
   rivbot_rg01                      5.000000000000000    1.000000000000000   -5.000000000000000
   rivbot_rg02                      5.000000000000000    1.000000000000000   -5.000000000000000
   rivbot_rg03                      5.000000000000000    1.000000000000000   -5.000000000000000
   rivbot_rg04                      5.000000000000000    1.000000000000000   -5.000000000000000
   rivbot_rg05                      5.000000000000000    1.000000000000000   -5.000000000000000
    rivcd_rg01                      11.02972947610152    1.000000000000000   -50.00000000000000
    rivcd_rg02                      97.92982318234368    1.000000000000000   -50.00000000000000
    rivcd_rg03                      8.285052256355707    1.000000000000000   -50.00000000000000
    rivcd_rg04                      67.46197739709669    1.000000000000000   -50.00000000000000
    rivcd_rg05                      100.0000000000000    1.000000000000000   -50.00000000000000
    salt_ca000                      6.610257044303975    1.000000000000000    0.000000000000000
    salt_ca001                      0.9667425373076103    1.000000000000000    0.000000000000000
    salt_ca002                      20.17615013830632    1.000000000000000    0.000000000000000
    salt_ca003                      251.4980000000001    1.000000000000000    0.000000000000000
    salt_ca004                      24.41066090545415    1.000000000000000    0.000000000000000
    salt_ca005                      7.491586970047785    1.000000000000000    0.000000000000000
    salt_ca006                      161.8232489274091    1.000000000000000    0.000000000000000
    salt_ca007                      91.46897798175402    1.000000000000000    0.000000000000000
    salt_ca008                      71.38243878059616    1.000000000000000    0.000000000000000
    salt_ca009                      6.102073024670098    1.000000000000000    0.000000000000000
    salt_ca010                      0.5595811064100470    1.000000000000000    0.000000000000000
    salt_ca011                      0.2441041169966913    1.000000000000000    0.000000000000000
    salt_ca012                      140.3181700000000    1.000000000000000    0.000000000000000
    salt_ca013                      6.980351447732310    1.000000000000000    0.000000000000000
    salt_ca014                      2.768911565804197    1.000000000000000    0.000000000000000
    salt_ca015                      1.036638081597495    1.000000000000000    0.000000000000000
    salt_ca016                      135.7621700000000    1.000000000000000    0.000000000000000
    salt_ca017                      0.03786480164729286    1.000000000000000    0.000000000000000
    salt_ca018                      77.62152986408714    1.000000000000000    0.000000000000000
    salt_ca019                      34.40053921126351    1.000000000000000    0.000000000000000
    salt_ca020                      63.25530013238507    1.000000000000000    0.000000000000000
    salt_ca021                      0.3652849439160563    1.000000000000000    0.000000000000000
    salt_ca022                      17.17891197273459    1.000000000000000    0.000000000000000
    salt_ca023                      13.97628589888337    1.000000000000000    0.000000000000000
    salt_ca024                      112.7101700000000    1.000000000000000    0.000000000000000
    salt_ca025                      16.76020360944025    1.000000000000000    0.000000000000000
    salt_ca026                      0.09300352145443440    1.000000000000000    0.000000000000000
    salt_ca027                      106.6921700000001    1.000000000000000    0.000000000000000
    salt_ca028                      9.538773282398854    1.000000000000000    0.000000000000000
    salt_ca029                      1.155591441157889    1.000000000000000    0.000000000000000
    salt_ca030                      212.8230000000000    1.000000000000000    0.000000000000000
    salt_ca031                      230.8483949664322    1.000000000000000    0.000000000000000
    salt_ca032                      0.02531447225851803    1.000000000000000    0.000000000000000
    salt_ca033                      94.38499743609329    1.000000000000000    0.000000000000000
    salt_ca034                      6.568130805524227    1.000000000000000    0.000000000000000
    salt_ca035                      187.4395323324490    1.000000000000000    0.000000000000000
    salt_ca036                      0.02565252959872895    1.000000000000000    0.000000000000000
    salt_cl000                      0.01068089843768268    1.000000000000000    0.000000000000000
    salt_cl001                      1.439882085285822    1.000000000000000    0.000000000000000
    salt_cl002                      0.008038225203423859    1.000000000000000    0.000000000000000
    salt_cl003                      0.0005980383127335168    1.000000000000000    0.000000000000000
    salt_cl004                      2.346000000000000    1.000000000000000    0.000000000000000
    salt_cl005                      1.441445672468624    1.000000000000000    0.000000000000000
    salt_cl006                      0.3270554245442484    1.000000000000000    0.000000000000000
    salt_cl007                      0.3495935711380097    1.000000000000000    0.000000000000000
    salt_cl008                      0.6316985471559406    1.000000000000000    0.000000000000000
    salt_cl009                      0.005661471917205406    1.000000000000000    0.000000000000000
    salt_cl010                      7.821911294479081e-07    1.000000000000000    0.000000000000000
    salt_cl011                      1.805828211306335    1.000000000000000    0.000000000000000
    salt_cl012                      62.80624056197524    1.000000000000000    0.000000000000000
    salt_cl013                      20.84034977267275    1.000000000000000    0.000000000000000
    salt_cl014                      0.007785335851482515    1.000000000000000    0.000000000000000
    salt_cl015                      164.7301699999999    1.000000000000000    0.000000000000000
    salt_cl016                      0.1802234538271990    1.000000000000000    0.000000000000000
    salt_cl017                      37.79389838071208    1.000000000000000    0.000000000000000
    salt_cl018                      8.831549973911240    1.000000000000000    0.000000000000000
    salt_cl019                      1.308039704087125    1.000000000000000    0.000000000000000
    salt_cl020                      236.5550000000000    1.000000000000000    0.000000000000000
    salt_cl021                      0.03246831729806440    1.000000000000000    0.000000000000000
    salt_cl022                      1.012303543517577    1.000000000000000    0.000000000000000
    salt_cl023                      0.9274602937217814    1.000000000000000    0.000000000000000
    salt_cl024                      15.51299153941882    1.000000000000000    0.000000000000000
    salt_cl025                      15.91593212866663    1.000000000000000    0.000000000000000
    salt_cl026                      27.41357031342952    1.000000000000000    0.000000000000000
    salt_cl027                      0.004868746852704723    1.000000000000000    0.000000000000000
    salt_cl028                      555.9680000000002    1.000000000000000    0.000000000000000
    salt_cl029                      20.75023709587430    1.000000000000000    0.000000000000000
    salt_cl030                      0.4734268521072802    1.000000000000000    0.000000000000000
    salt_cl031                      222.0572150507471    1.000000000000000    0.000000000000000
    salt_cl032                      56.16006872588706    1.000000000000000    0.000000000000000
    salt_cl033                      0.002487318004303434    1.000000000000000    0.000000000000000
    salt_cl034                      937.5687000000003    1.000000000000000    0.000000000000000
    salt_cl035                      348.5575645063255    1.000000000000000    0.000000000000000
    salt_cl036                      10.19763533081120    1.000000000000000    0.000000000000000
   salt_co3000                      2.662650054133179    1.000000000000000    0.000000000000000
   salt_co3001                      0.2396331307877937    1.000000000000000    0.000000000000000
   salt_co3002                      0.2022928006008086    1.000000000000000    0.000000000000000
   salt_co3003                      1.156753200643997    1.000000000000000    0.000000000000000
   salt_co3004                      0.6162926692213474    1.000000000000000    0.000000000000000
   salt_co3005                      3.230000000000000    1.000000000000000    0.000000000000000
   salt_co3006                      7.265344699526609e-05    1.000000000000000    0.000000000000000
   salt_co3007                      0.1171075179690334    1.000000000000000    0.000000000000000
   salt_co3008                      4.114000000000000    1.000000000000000    0.000000000000000
   salt_co3009                      0.1118734653023696    1.000000000000000    0.000000000000000
   salt_co3010                      1.950697883039953    1.000000000000000    0.000000000000000
   salt_co3011                      2.972377548157431    1.000000000000000    0.000000000000000
   salt_co3012                      0.9351466202968194    1.000000000000000    0.000000000000000
   salt_co3013                      3.989190496445011    1.000000000000000    0.000000000000000
   salt_co3014                      0.7655720922855834    1.000000000000000    0.000000000000000
   salt_co3015                      0.0009133348371284899    1.000000000000000    0.000000000000000
   salt_co3016                      9.639017000000001    1.000000000000000    0.000000000000000
   salt_co3017                      0.7236725842587831    1.000000000000000    0.000000000000000
   salt_co3018                      0.01399292784500541    1.000000000000000    0.000000000000000
   salt_co3019                      1.017753578924923    1.000000000000000    0.000000000000000
   salt_co3020                      6.715577437821623    1.000000000000000    0.000000000000000
   salt_co3021                      7.718000000000001    1.000000000000000    0.000000000000000
   salt_co3022                      0.0007821371583497594    1.000000000000000    0.000000000000000
   salt_co3023                      0.03569048540750773    1.000000000000000    0.000000000000000
   salt_co3024                      0.003064178547414512    1.000000000000000    0.000000000000000
   salt_co3025                      0.0005963014295131127    1.000000000000000    0.000000000000000
   salt_co3026                      1.580707904853386    1.000000000000000    0.000000000000000
   salt_co3027                      0.2845805988427811    1.000000000000000    0.000000000000000
   salt_co3028                      11.69423251324188    1.000000000000000    0.000000000000000
   salt_co3029                      0.002865033618703430    1.000000000000000    0.000000000000000
   salt_co3030                      3.201478522462844    1.000000000000000    0.000000000000000
   salt_co3031                      9.756582767239683    1.000000000000000    0.000000000000000
   salt_co3032                      0.2579903717201839    1.000000000000000    0.000000000000000
   salt_co3033                      2.431000000000000    1.000000000000000    0.000000000000000
   salt_co3034                      4.343520300163715    1.000000000000000    0.000000000000000
   salt_co3035                      2.397000000000000    1.000000000000000    0.000000000000000
   salt_co3036                      0.006094392758203086    1.000000000000000    0.000000000000000
  salt_hco3000                      83.81039376119935    1.000000000000000    0.000000000000000
  salt_hco3001                      4.476252877660890    1.000000000000000    0.000000000000000
  salt_hco3002                      0.06086651116953605    1.000000000000000    0.000000000000000
  salt_hco3003                      2.366417416744563    1.000000000000000    0.000000000000000
  salt_hco3004                      229.9294279476488    1.000000000000000    0.000000000000000
  salt_hco3005                      44.77963258171445    1.000000000000000    0.000000000000000
  salt_hco3006                      1.340950107882346    1.000000000000000    0.000000000000000
  salt_hco3007                      1.469354214359557    1.000000000000000    0.000000000000000
  salt_hco3008                      0.001264733893136985    1.000000000000000    0.000000000000000
  salt_hco3009                      29.87153169781480    1.000000000000000    0.000000000000000
  salt_hco3010                      1.500709700771458    1.000000000000000    0.000000000000000
  salt_hco3011                      0.1543031473115015    1.000000000000000    0.000000000000000
  salt_hco3012                      455.1982203353582    1.000000000000000    0.000000000000000
  salt_hco3013                      410.0740000000000    1.000000000000000    0.000000000000000
  salt_hco3014                      175.9243825404811    1.000000000000000    0.000000000000000
  salt_hco3015                      0.002770415538926945    1.000000000000000    0.000000000000000
  salt_hco3016                      477.1688121297374    1.000000000000000    0.000000000000000
  salt_hco3017                      528.7775054771696    1.000000000000000    0.000000000000000
  salt_hco3018                      0.4292938684277943    1.000000000000000    0.000000000000000
  salt_hco3019                      755.1059999999999    1.000000000000000    0.000000000000000
  salt_hco3020                      701.1140000000001    1.000000000000000    0.000000000000000
  salt_hco3021                      493.0812215302784    1.000000000000000    0.000000000000000
  salt_hco3022                      341.6227246796860    1.000000000000000    0.000000000000000
  salt_hco3023                      1024.387700000000    1.000000000000000    0.000000000000000
  salt_hco3024                      107.7479389378328    1.000000000000000    0.000000000000000
  salt_hco3025                      806.5479999999999    1.000000000000000    0.000000000000000
  salt_hco3026                      705.0749999999997    1.000000000000000    0.000000000000000
  salt_hco3027                      220.1014268827553    1.000000000000000    0.000000000000000
  salt_hco3028                      558.6880000000002    1.000000000000000    0.000000000000000
  salt_hco3029                      186.9325365706557    1.000000000000000    0.000000000000000
  salt_hco3030                      0.3213097095377849    1.000000000000000    0.000000000000000
  salt_hco3031                      349.3670000000001    1.000000000000000    0.000000000000000
  salt_hco3032                      60.46119160847059    1.000000000000000    0.000000000000000
  salt_hco3033                      419.1350000000002    1.000000000000000    0.000000000000000
  salt_hco3034                      96.63849251487986    1.000000000000000    0.000000000000000
  salt_hco3035                      266.8973833937063    1.000000000000000    0.000000000000000
  salt_hco3036                      55.24434999604546    1.000000000000000    0.000000000000000
     salt_k000                      1.955000000000000    1.000000000000000    0.000000000000000
     salt_k001                      2.244000000000000    1.000000000000000    0.000000000000000
     salt_k002                      1.400747983342098    1.000000000000000    0.000000000000000
     salt_k003                      0.2216559704856037    1.000000000000000    0.000000000000000
     salt_k004                      2.924000000000000    1.000000000000000    0.000000000000000
     salt_k005                      2.074000000000000    1.000000000000000    0.000000000000000
     salt_k006                      0.8430420746140608    1.000000000000000    0.000000000000000
     salt_k007                      7.390829987587671e-07    1.000000000000000    0.000000000000000
     salt_k008                      0.07331983136723415    1.000000000000000    0.000000000000000
     salt_k009                      1.158550090889338    1.000000000000000    0.000000000000000
     salt_k010                      1.666000000000000    1.000000000000000    0.000000000000000
     salt_k011                      0.1016132229899669    1.000000000000000    0.000000000000000
     salt_k012                      0.4070521323718692    1.000000000000000    0.000000000000000
     salt_k013                      0.003546196544485481    1.000000000000000    0.000000000000000
     salt_k014                      0.1371865342535530    1.000000000000000    0.000000000000000
     salt_k015                      0.03148558276846085    1.000000000000000    0.000000000000000
     salt_k016                      0.008719320239988705    1.000000000000000    0.000000000000000
     salt_k017                      0.3880553327623085    1.000000000000000    0.000000000000000
     salt_k018                      1.203341809953364    1.000000000000000    0.000000000000000
     salt_k019                      5.406000000000000    1.000000000000000    0.000000000000000
     salt_k020                      1.406130643997512    1.000000000000000    0.000000000000000
     salt_k021                      0.009261629181248166    1.000000000000000    0.000000000000000
     salt_k022                      0.002085969170925961    1.000000000000000    0.000000000000000
     salt_k023                      0.3885250979371320    1.000000000000000    0.000000000000000
     salt_k024                      1.887000000000000    1.000000000000000    0.000000000000000
     salt_k025                      1.072129505880832    1.000000000000000    0.000000000000000
     salt_k026                      0.1622161091383670    1.000000000000000    0.000000000000000
     salt_k027                      1.479000000000000    1.000000000000000    0.000000000000000
     salt_k028                      2.584000000000000    1.000000000000000    0.000000000000000
     salt_k029                      0.1455867983827083    1.000000000000000    0.000000000000000
     salt_k030                      4.284000000000000    1.000000000000000    0.000000000000000
     salt_k031                      0.01044845083996073    1.000000000000000    0.000000000000000
     salt_k032                      3.721676442063226    1.000000000000000    0.000000000000000
     salt_k033                      1.329257187002600    1.000000000000000    0.000000000000000
     salt_k034                      3.341634355006663    1.000000000000000    0.000000000000000
     salt_k035                      0.4516452593458729    1.000000000000000    0.000000000000000
     salt_k036                      0.3395794362981940    1.000000000000000    0.000000000000000
    salt_mg000                      0.7330129260957470    1.000000000000000    0.000000000000000
    salt_mg001                      0.1091168952679131    1.000000000000000    0.000000000000000
    salt_mg002                      16.15272412223732    1.000000000000000    0.000000000000000
    salt_mg003                      0.2033396941940318    1.000000000000000    0.000000000000000
    salt_mg004                      0.1495491808528120    1.000000000000000    0.000000000000000
    salt_mg005                      0.6500835964885343    1.000000000000000    0.000000000000000
    salt_mg006                      13.68080532228187    1.000000000000000    0.000000000000000
    salt_mg007                      43.48168711612457    1.000000000000000    0.000000000000000
    salt_mg008                      0.0005154483103131554    1.000000000000000    0.000000000000000
    salt_mg009                      0.009780895934744170    1.000000000000000    0.000000000000000
    salt_mg010                      1.046443465675756    1.000000000000000    0.000000000000000
    salt_mg011                      23.81429481926556    1.000000000000000    0.000000000000000
    salt_mg012                      0.09787182008615387    1.000000000000000    0.000000000000000
    salt_mg013                      1.561631699299790    1.000000000000000    0.000000000000000
    salt_mg014                      1.658240893109640    1.000000000000000    0.000000000000000
    salt_mg015                      4.061711553230455    1.000000000000000    0.000000000000000
    salt_mg016                      7.239653123263144    1.000000000000000    0.000000000000000
    salt_mg017                      0.003847106090203857    1.000000000000000    0.000000000000000
    salt_mg018                      0.2228438531951484    1.000000000000000    0.000000000000000
    salt_mg019                      9.113121745182083    1.000000000000000    0.000000000000000
    salt_mg020                      30.17471420805538    1.000000000000000    0.000000000000000
    salt_mg021                      1.505769176601001    1.000000000000000    0.000000000000000
    salt_mg022                      22.66100000000000    1.000000000000000    0.000000000000000
    salt_mg023                      1.721819975399382    1.000000000000000    0.000000000000000
    salt_mg024                      14.42744773758222    1.000000000000000    0.000000000000000
    salt_mg025                      4.939668096494614    1.000000000000000    0.000000000000000
    salt_mg026                      13.14101700000000    1.000000000000000    0.000000000000000
    salt_mg027                      11.34329337574493    1.000000000000000    0.000000000000000
    salt_mg028                      10.32819460754039    1.000000000000000    0.000000000000000
    salt_mg029                      1.295254999709979    1.000000000000000    0.000000000000000
    salt_mg030                      6.141983146530728    1.000000000000000    0.000000000000000
    salt_mg031                      27.35300000000001    1.000000000000000    0.000000000000000
    salt_mg032                      31.56900000000000    1.000000000000000    0.000000000000000
    salt_mg033                      4.845338677272916    1.000000000000000    0.000000000000000
    salt_mg034                      1.642496573519039    1.000000000000000    0.000000000000000
    salt_mg035                      31.85799999999999    1.000000000000000    0.000000000000000
    salt_mg036                      6.473154629109788    1.000000000000000    0.000000000000000
    salt_na000                      6.979695641723420    1.000000000000000    0.000000000000000
    salt_na001                      0.001929500616574467    1.000000000000000    0.000000000000000
    salt_na002                      9.835374419611853    1.000000000000000    0.000000000000000
    salt_na003                      1.608472208437809    1.000000000000000    0.000000000000000
    salt_na004                      0.3255671728406089    1.000000000000000    0.000000000000000
    salt_na005                      2.661289922772274    1.000000000000000    0.000000000000000
    salt_na006                      8.639325474051091    1.000000000000000    0.000000000000000
    salt_na007                      13.20750468823666    1.000000000000000    0.000000000000000
    salt_na008                      2.464778269190876    1.000000000000000    0.000000000000000
    salt_na009                      2.091245076983541    1.000000000000000    0.000000000000000
    salt_na010                      0.2369266846456140    1.000000000000000    0.000000000000000
    salt_na011                      0.001455004684600130    1.000000000000000    0.000000000000000
    salt_na012                      101.6858868161957    1.000000000000000    0.000000000000000
    salt_na013                      0.1683239027372647    1.000000000000000    0.000000000000000
    salt_na014                      3.097171966311731    1.000000000000000    0.000000000000000
    salt_na015                      76.21824660645467    1.000000000000000    0.000000000000000
    salt_na016                      0.08999864846608498    1.000000000000000    0.000000000000000
    salt_na017                      22.58836728444627    1.000000000000000    0.000000000000000
    salt_na018                      349.7074451148392    1.000000000000000    0.000000000000000
    salt_na019                      8.604696565422001    1.000000000000000    0.000000000000000
    salt_na020                      286.4500000000000    1.000000000000000    0.000000000000000
    salt_na021                      18.22615960882316    1.000000000000000    0.000000000000000
    salt_na022                      0.4784361765734007    1.000000000000000    0.000000000000000
    salt_na023                      372.5753288744423    1.000000000000000    0.000000000000000
    salt_na024                      0.08265823757166096    1.000000000000000    0.000000000000000
    salt_na025                      8.036065503297742    1.000000000000000    0.000000000000000
    salt_na026                      123.4669071844836    1.000000000000000    0.000000000000000
    salt_na027                      38.64167711489468    1.000000000000000    0.000000000000000
    salt_na028                      405.9600000000002    1.000000000000000    0.000000000000000
    salt_na029                      291.2949999999999    1.000000000000000    0.000000000000000
    salt_na030                      0.002831124610723506    1.000000000000000    0.000000000000000
    salt_na031                      9.959923361999007    1.000000000000000    0.000000000000000
    salt_na032                      0.02538433314769290    1.000000000000000    0.000000000000000
    salt_na033                      384.1320000000002    1.000000000000000    0.000000000000000
    salt_na034                      3.820080686415099    1.000000000000000    0.000000000000000
    salt_na035                      255.6460000000000    1.000000000000000    0.000000000000000
    salt_na036                      2.006137990794026    1.000000000000000    0.000000000000000
   salt_so4000                      0.05106318020576340    1.000000000000000    0.000000000000000
   salt_so4001                      5.084445382140953    1.000000000000000    0.000000000000000
   salt_so4002                      405.5525252466362    1.000000000000000    0.000000000000000
   salt_so4003                      0.9210497057020568    1.000000000000000    0.000000000000000
   salt_so4004                      11.15361373899901    1.000000000000000    0.000000000000000
   salt_so4005                      16.98341176138811    1.000000000000000    0.000000000000000
   salt_so4006                      661.3679999999997    1.000000000000000    0.000000000000000
   salt_so4007                      174.8215356965024    1.000000000000000    0.000000000000000
   salt_so4008                      0.0005565463317234103    1.000000000000000    0.000000000000000
   salt_so4009                      18.53494887925602    1.000000000000000    0.000000000000000
   salt_so4010                      2.195439806763697    1.000000000000000    0.000000000000000
   salt_so4011                      163.8065616298649    1.000000000000000    0.000000000000000
   salt_so4012                      98.55592924307020    1.000000000000000    0.000000000000000
   salt_so4013                      145.4181699999999    1.000000000000000    0.000000000000000
   salt_so4014                      102.6483941955431    1.000000000000000    0.000000000000000
   salt_so4015                      0.004755387254627922    1.000000000000000    0.000000000000000
   salt_so4016                      144.8155252970093    1.000000000000000    0.000000000000000
   salt_so4017                      47.15808356638805    1.000000000000000    0.000000000000000
   salt_so4018                      91.60513827179848    1.000000000000000    0.000000000000000
   salt_so4019                      171.1142283423691    1.000000000000000    0.000000000000000
   salt_so4020                      0.3112842218676147    1.000000000000000    0.000000000000000
   salt_so4021                      7.900937716513669    1.000000000000000    0.000000000000000
   salt_so4022                      155.9751699999999    1.000000000000000    0.000000000000000
   salt_so4023                      112.7979524012762    1.000000000000000    0.000000000000000
   salt_so4024                      23.67183151474012    1.000000000000000    0.000000000000000
   salt_so4025                      0.006755337278411097    1.000000000000000    0.000000000000000
   salt_so4026                      0.03050538990734315    1.000000000000000    0.000000000000000
   salt_so4027                      87.69131847915949    1.000000000000000    0.000000000000000
   salt_so4028                      0.001249064627802027    1.000000000000000    0.000000000000000
   salt_so4029                      65.86021468607926    1.000000000000000    0.000000000000000
   salt_so4030                      33.53064122119415    1.000000000000000    0.000000000000000
   salt_so4031                      109.9765425536943    1.000000000000000    0.000000000000000
   salt_so4032                      9.743486224180804    1.000000000000000    0.000000000000000
   salt_so4033                      33.13836137297350    1.000000000000000    0.000000000000000
   salt_so4034                      281.7581067446341    1.000000000000000    0.000000000000000
   salt_so4035                      10.81753868582859    1.000000000000000    0.000000000000000
   salt_so4036                      5.280058290721414e-05    1.000000000000000    0.000000000000000
