single point
    aquf_caco3                      1.000000000000000e-05    1.000000000000000    0.000000000000000
    aquf_caso4                      1.000000000000000e-05    1.000000000000000    0.000000000000000
    aquf_mgso4                      1.000000000000000e-05    1.000000000000000    0.000000000000000
   soil_caco_h                      23.73999999999999    1.000000000000000    0.000000000000000
   soil_caco_l                      12.64000000000000    1.000000000000000    0.000000000000000
   soil_caco_m                      15.82000000000000    1.000000000000000    0.000000000000000
  soil_caco_mh                      17.85500000000000    1.000000000000000    0.000000000000000
  soil_caco_ml                      14.55500000000000    1.000000000000000    0.000000000000000
   soil_caso_h                      5.819000000000000    1.000000000000000    0.000000000000000
   soil_caso_l                      0.1865000000000000    1.000000000000000    0.000000000000000
   soil_caso_m                      0.9990000000000000    1.000000000000000    0.000000000000000
  soil_caso_mh                      2.214000000000000    1.000000000000000    0.000000000000000
  soil_caso_ml                      0.4785000000000000    1.000000000000000    0.000000000000000
           p12                      2.000000000000000    1.000000000000000    0.000000000000000
           p15                      0.1500050000000000    1.000000000000000    0.000000000000000
           p16                      1.250000000000000    1.000000000000000    0.000000000000000
           p17                      0.2500049999999999    1.000000000000000    0.000000000000000
           p20                      0.2250000000000000    1.000000000000000    0.000000000000000
           p23                      0.002749999999999999    1.000000000000000    0.000000000000000
           p25                      1.000010000000000    1.000000000000000    0.000000000000000
           p40                      0.5004999999999999    1.000000000000000    0.000000000000000
           p49                      7.500010000000001    1.000000000000000    0.000000000000000
            p5                      0.5000050000000000    1.000000000000000    0.000000000000000
           p50                      0.1750000000000000    1.000000000000000    0.000000000000000
           p51                      0.5000000000000000    1.000000000000000    0.000000000000000
           p61                      0.5000000000000000    1.000000000000000    0.000000000000000
           p90                      50.50000000000000    1.000000000000000    0.000000000000000
           p91                      0.5004999999999999    1.000000000000000    0.000000000000000
           p92                      1.050000000000000    1.000000000000000    0.000000000000000
   rivbot_rg01                      5.000100000000000    1.000000000000000   -5.000000000000000
   rivbot_rg02                      5.000100000000000    1.000000000000000   -5.000000000000000
   rivbot_rg03                      5.000100000000000    1.000000000000000   -5.000000000000000
   rivbot_rg04                      5.000100000000000    1.000000000000000   -5.000000000000000
   rivbot_rg05                      5.000100000000000    1.000000000000000   -5.000000000000000
    rivcd_rg01                      50.00999999999998    1.000000000000000   -50.00000000000000
    rivcd_rg02                      50.00999999999998    1.000000000000000   -50.00000000000000
    rivcd_rg03                      50.00999999999998    1.000000000000000   -50.00000000000000
    rivcd_rg04                      50.00999999999998    1.000000000000000   -50.00000000000000
    rivcd_rg05                      50.00999999999998    1.000000000000000   -50.00000000000000
    salt_ca000                      104.0000000000000    1.000000000000000    0.000000000000000
    salt_ca001                      104.0000000000000    1.000000000000000    0.000000000000000
    salt_ca002                      104.0000000000000    1.000000000000000    0.000000000000000
    salt_ca003                      104.0000000000000    1.000000000000000    0.000000000000000
    salt_ca004                      104.0000000000000    1.000000000000000    0.000000000000000
    salt_ca005                      104.0000000000000    1.000000000000000    0.000000000000000
    salt_ca006                      104.0000000000000    1.000000000000000    0.000000000000000
    salt_ca007                      104.0000000000000    1.000000000000000    0.000000000000000
    salt_ca008                      104.0000000000000    1.000000000000000    0.000000000000000
    salt_ca009                      104.0000000000000    1.000000000000000    0.000000000000000
    salt_ca010                      104.0000000000000    1.000000000000000    0.000000000000000
    salt_ca011                      104.0000000000000    1.000000000000000    0.000000000000000
    salt_ca012                      104.0000000000000    1.000000000000000    0.000000000000000
    salt_ca013                      104.0000000000000    1.000000000000000    0.000000000000000
    salt_ca014                      104.0000000000000    1.000000000000000    0.000000000000000
    salt_ca015                      104.0000000000000    1.000000000000000    0.000000000000000
    salt_ca016                      104.0000000000000    1.000000000000000    0.000000000000000
    salt_ca017                      104.0000000000000    1.000000000000000    0.000000000000000
    salt_ca018                      104.0000000000000    1.000000000000000    0.000000000000000
    salt_ca019                      104.0000000000000    1.000000000000000    0.000000000000000
    salt_ca020                      104.0000000000000    1.000000000000000    0.000000000000000
    salt_ca021                      104.0000000000000    1.000000000000000    0.000000000000000
    salt_ca022                      104.0000000000000    1.000000000000000    0.000000000000000
    salt_ca023                      104.0000000000000    1.000000000000000    0.000000000000000
    salt_ca024                      104.0000000000000    1.000000000000000    0.000000000000000
    salt_ca025                      104.0000000000000    1.000000000000000    0.000000000000000
    salt_ca026                      104.0000000000000    1.000000000000000    0.000000000000000
    salt_ca027                      104.0000000000000    1.000000000000000    0.000000000000000
    salt_ca028                      104.0000000000000    1.000000000000000    0.000000000000000
    salt_ca029                      104.0000000000000    1.000000000000000    0.000000000000000
    salt_ca030                      104.0000000000000    1.000000000000000    0.000000000000000
    salt_ca031                      104.0000000000000    1.000000000000000    0.000000000000000
    salt_ca032                      104.0000000000000    1.000000000000000    0.000000000000000
    salt_ca033                      104.0000000000000    1.000000000000000    0.000000000000000
    salt_ca034                      104.0000000000000    1.000000000000000    0.000000000000000
    salt_ca035                      104.0000000000000    1.000000000000000    0.000000000000000
    salt_ca036                      104.0000000000000    1.000000000000000    0.000000000000000
    salt_cl000                      159.9999999999999    1.000000000000000    0.000000000000000
    salt_cl001                      159.9999999999999    1.000000000000000    0.000000000000000
    salt_cl002                      159.9999999999999    1.000000000000000    0.000000000000000
    salt_cl003                      159.9999999999999    1.000000000000000    0.000000000000000
    salt_cl004                      159.9999999999999    1.000000000000000    0.000000000000000
    salt_cl005                      159.9999999999999    1.000000000000000    0.000000000000000
    salt_cl006                      159.9999999999999    1.000000000000000    0.000000000000000
    salt_cl007                      159.9999999999999    1.000000000000000    0.000000000000000
    salt_cl008                      159.9999999999999    1.000000000000000    0.000000000000000
    salt_cl009                      159.9999999999999    1.000000000000000    0.000000000000000
    salt_cl010                      159.9999999999999    1.000000000000000    0.000000000000000
    salt_cl011                      159.9999999999999    1.000000000000000    0.000000000000000
    salt_cl012                      159.9999999999999    1.000000000000000    0.000000000000000
    salt_cl013                      159.9999999999999    1.000000000000000    0.000000000000000
    salt_cl014                      159.9999999999999    1.000000000000000    0.000000000000000
    salt_cl015                      159.9999999999999    1.000000000000000    0.000000000000000
    salt_cl016                      159.9999999999999    1.000000000000000    0.000000000000000
    salt_cl017                      159.9999999999999    1.000000000000000    0.000000000000000
    salt_cl018                      159.9999999999999    1.000000000000000    0.000000000000000
    salt_cl019                      159.9999999999999    1.000000000000000    0.000000000000000
    salt_cl020                      159.9999999999999    1.000000000000000    0.000000000000000
    salt_cl021                      159.9999999999999    1.000000000000000    0.000000000000000
    salt_cl022                      159.9999999999999    1.000000000000000    0.000000000000000
    salt_cl023                      159.9999999999999    1.000000000000000    0.000000000000000
    salt_cl024                      159.9999999999999    1.000000000000000    0.000000000000000
    salt_cl025                      159.9999999999999    1.000000000000000    0.000000000000000
    salt_cl026                      159.9999999999999    1.000000000000000    0.000000000000000
    salt_cl027                      159.9999999999999    1.000000000000000    0.000000000000000
    salt_cl028                      159.9999999999999    1.000000000000000    0.000000000000000
    salt_cl029                      159.9999999999999    1.000000000000000    0.000000000000000
    salt_cl030                      159.9999999999999    1.000000000000000    0.000000000000000
    salt_cl031                      159.9999999999999    1.000000000000000    0.000000000000000
    salt_cl032                      159.9999999999999    1.000000000000000    0.000000000000000
    salt_cl033                      159.9999999999999    1.000000000000000    0.000000000000000
    salt_cl034                      159.9999999999999    1.000000000000000    0.000000000000000
    salt_cl035                      159.9999999999999    1.000000000000000    0.000000000000000
    salt_cl036                      159.9999999999999    1.000000000000000    0.000000000000000
   salt_co3000                      4.000000000000000    1.000000000000000    0.000000000000000
   salt_co3001                      4.000000000000000    1.000000000000000    0.000000000000000
   salt_co3002                      4.000000000000000    1.000000000000000    0.000000000000000
   salt_co3003                      4.000000000000000    1.000000000000000    0.000000000000000
   salt_co3004                      4.000000000000000    1.000000000000000    0.000000000000000
   salt_co3005                      4.000000000000000    1.000000000000000    0.000000000000000
   salt_co3006                      4.000000000000000    1.000000000000000    0.000000000000000
   salt_co3007                      4.000000000000000    1.000000000000000    0.000000000000000
   salt_co3008                      4.000000000000000    1.000000000000000    0.000000000000000
   salt_co3009                      4.000000000000000    1.000000000000000    0.000000000000000
   salt_co3010                      4.000000000000000    1.000000000000000    0.000000000000000
   salt_co3011                      4.000000000000000    1.000000000000000    0.000000000000000
   salt_co3012                      4.000000000000000    1.000000000000000    0.000000000000000
   salt_co3013                      4.000000000000000    1.000000000000000    0.000000000000000
   salt_co3014                      4.000000000000000    1.000000000000000    0.000000000000000
   salt_co3015                      4.000000000000000    1.000000000000000    0.000000000000000
   salt_co3016                      4.000000000000000    1.000000000000000    0.000000000000000
   salt_co3017                      4.000000000000000    1.000000000000000    0.000000000000000
   salt_co3018                      4.000000000000000    1.000000000000000    0.000000000000000
   salt_co3019                      4.000000000000000    1.000000000000000    0.000000000000000
   salt_co3020                      4.000000000000000    1.000000000000000    0.000000000000000
   salt_co3021                      4.000000000000000    1.000000000000000    0.000000000000000
   salt_co3022                      4.000000000000000    1.000000000000000    0.000000000000000
   salt_co3023                      4.000000000000000    1.000000000000000    0.000000000000000
   salt_co3024                      4.000000000000000    1.000000000000000    0.000000000000000
   salt_co3025                      4.000000000000000    1.000000000000000    0.000000000000000
   salt_co3026                      4.000000000000000    1.000000000000000    0.000000000000000
   salt_co3027                      4.000000000000000    1.000000000000000    0.000000000000000
   salt_co3028                      4.000000000000000    1.000000000000000    0.000000000000000
   salt_co3029                      4.000000000000000    1.000000000000000    0.000000000000000
   salt_co3030                      4.000000000000000    1.000000000000000    0.000000000000000
   salt_co3031                      4.000000000000000    1.000000000000000    0.000000000000000
   salt_co3032                      4.000000000000000    1.000000000000000    0.000000000000000
   salt_co3033                      4.000000000000000    1.000000000000000    0.000000000000000
   salt_co3034                      4.000000000000000    1.000000000000000    0.000000000000000
   salt_co3035                      4.000000000000000    1.000000000000000    0.000000000000000
   salt_co3036                      4.000000000000000    1.000000000000000    0.000000000000000
  salt_hco3000                      312.0000000000001    1.000000000000000    0.000000000000000
  salt_hco3001                      312.0000000000001    1.000000000000000    0.000000000000000
  salt_hco3002                      312.0000000000001    1.000000000000000    0.000000000000000
  salt_hco3003                      312.0000000000001    1.000000000000000    0.000000000000000
  salt_hco3004                      312.0000000000001    1.000000000000000    0.000000000000000
  salt_hco3005                      312.0000000000001    1.000000000000000    0.000000000000000
  salt_hco3006                      312.0000000000001    1.000000000000000    0.000000000000000
  salt_hco3007                      312.0000000000001    1.000000000000000    0.000000000000000
  salt_hco3008                      312.0000000000001    1.000000000000000    0.000000000000000
  salt_hco3009                      312.0000000000001    1.000000000000000    0.000000000000000
  salt_hco3010                      312.0000000000001    1.000000000000000    0.000000000000000
  salt_hco3011                      312.0000000000001    1.000000000000000    0.000000000000000
  salt_hco3012                      312.0000000000001    1.000000000000000    0.000000000000000
  salt_hco3013                      312.0000000000001    1.000000000000000    0.000000000000000
  salt_hco3014                      312.0000000000001    1.000000000000000    0.000000000000000
  salt_hco3015                      312.0000000000001    1.000000000000000    0.000000000000000
  salt_hco3016                      312.0000000000001    1.000000000000000    0.000000000000000
  salt_hco3017                      312.0000000000001    1.000000000000000    0.000000000000000
  salt_hco3018                      312.0000000000001    1.000000000000000    0.000000000000000
  salt_hco3019                      312.0000000000001    1.000000000000000    0.000000000000000
  salt_hco3020                      312.0000000000001    1.000000000000000    0.000000000000000
  salt_hco3021                      312.0000000000001    1.000000000000000    0.000000000000000
  salt_hco3022                      312.0000000000001    1.000000000000000    0.000000000000000
  salt_hco3023                      312.0000000000001    1.000000000000000    0.000000000000000
  salt_hco3024                      312.0000000000001    1.000000000000000    0.000000000000000
  salt_hco3025                      312.0000000000001    1.000000000000000    0.000000000000000
  salt_hco3026                      312.0000000000001    1.000000000000000    0.000000000000000
  salt_hco3027                      312.0000000000001    1.000000000000000    0.000000000000000
  salt_hco3028                      312.0000000000001    1.000000000000000    0.000000000000000
  salt_hco3029                      312.0000000000001    1.000000000000000    0.000000000000000
  salt_hco3030                      312.0000000000001    1.000000000000000    0.000000000000000
  salt_hco3031                      312.0000000000001    1.000000000000000    0.000000000000000
  salt_hco3032                      312.0000000000001    1.000000000000000    0.000000000000000
  salt_hco3033                      312.0000000000001    1.000000000000000    0.000000000000000
  salt_hco3034                      312.0000000000001    1.000000000000000    0.000000000000000
  salt_hco3035                      312.0000000000001    1.000000000000000    0.000000000000000
  salt_hco3036                      312.0000000000001    1.000000000000000    0.000000000000000
     salt_k000                      2.000000000000000    1.000000000000000    0.000000000000000
     salt_k001                      2.000000000000000    1.000000000000000    0.000000000000000
     salt_k002                      2.000000000000000    1.000000000000000    0.000000000000000
     salt_k003                      2.000000000000000    1.000000000000000    0.000000000000000
     salt_k004                      2.000000000000000    1.000000000000000    0.000000000000000
     salt_k005                      2.000000000000000    1.000000000000000    0.000000000000000
     salt_k006                      2.000000000000000    1.000000000000000    0.000000000000000
     salt_k007                      2.000000000000000    1.000000000000000    0.000000000000000
     salt_k008                      2.000000000000000    1.000000000000000    0.000000000000000
     salt_k009                      2.000000000000000    1.000000000000000    0.000000000000000
     salt_k010                      2.000000000000000    1.000000000000000    0.000000000000000
     salt_k011                      2.000000000000000    1.000000000000000    0.000000000000000
     salt_k012                      2.000000000000000    1.000000000000000    0.000000000000000
     salt_k013                      2.000000000000000    1.000000000000000    0.000000000000000
     salt_k014                      2.000000000000000    1.000000000000000    0.000000000000000
     salt_k015                      2.000000000000000    1.000000000000000    0.000000000000000
     salt_k016                      2.000000000000000    1.000000000000000    0.000000000000000
     salt_k017                      2.000000000000000    1.000000000000000    0.000000000000000
     salt_k018                      2.000000000000000    1.000000000000000    0.000000000000000
     salt_k019                      2.000000000000000    1.000000000000000    0.000000000000000
     salt_k020                      2.000000000000000    1.000000000000000    0.000000000000000
     salt_k021                      2.000000000000000    1.000000000000000    0.000000000000000
     salt_k022                      2.000000000000000    1.000000000000000    0.000000000000000
     salt_k023                      2.000000000000000    1.000000000000000    0.000000000000000
     salt_k024                      2.000000000000000    1.000000000000000    0.000000000000000
     salt_k025                      2.000000000000000    1.000000000000000    0.000000000000000
     salt_k026                      2.000000000000000    1.000000000000000    0.000000000000000
     salt_k027                      2.000000000000000    1.000000000000000    0.000000000000000
     salt_k028                      2.000000000000000    1.000000000000000    0.000000000000000
     salt_k029                      2.000000000000000    1.000000000000000    0.000000000000000
     salt_k030                      2.000000000000000    1.000000000000000    0.000000000000000
     salt_k031                      2.000000000000000    1.000000000000000    0.000000000000000
     salt_k032                      2.000000000000000    1.000000000000000    0.000000000000000
     salt_k033                      2.000000000000000    1.000000000000000    0.000000000000000
     salt_k034                      2.000000000000000    1.000000000000000    0.000000000000000
     salt_k035                      2.000000000000000    1.000000000000000    0.000000000000000
     salt_k036                      2.000000000000000    1.000000000000000    0.000000000000000
    salt_mg000                      16.00000000000000    1.000000000000000    0.000000000000000
    salt_mg001                      16.00000000000000    1.000000000000000    0.000000000000000
    salt_mg002                      16.00000000000000    1.000000000000000    0.000000000000000
    salt_mg003                      16.00000000000000    1.000000000000000    0.000000000000000
    salt_mg004                      16.00000000000000    1.000000000000000    0.000000000000000
    salt_mg005                      16.00000000000000    1.000000000000000    0.000000000000000
    salt_mg006                      16.00000000000000    1.000000000000000    0.000000000000000
    salt_mg007                      16.00000000000000    1.000000000000000    0.000000000000000
    salt_mg008                      16.00000000000000    1.000000000000000    0.000000000000000
    salt_mg009                      16.00000000000000    1.000000000000000    0.000000000000000
    salt_mg010                      16.00000000000000    1.000000000000000    0.000000000000000
    salt_mg011                      16.00000000000000    1.000000000000000    0.000000000000000
    salt_mg012                      16.00000000000000    1.000000000000000    0.000000000000000
    salt_mg013                      16.00000000000000    1.000000000000000    0.000000000000000
    salt_mg014                      16.00000000000000    1.000000000000000    0.000000000000000
    salt_mg015                      16.00000000000000    1.000000000000000    0.000000000000000
    salt_mg016                      16.00000000000000    1.000000000000000    0.000000000000000
    salt_mg017                      16.00000000000000    1.000000000000000    0.000000000000000
    salt_mg018                      16.00000000000000    1.000000000000000    0.000000000000000
    salt_mg019                      16.00000000000000    1.000000000000000    0.000000000000000
    salt_mg020                      16.00000000000000    1.000000000000000    0.000000000000000
    salt_mg021                      16.00000000000000    1.000000000000000    0.000000000000000
    salt_mg022                      16.00000000000000    1.000000000000000    0.000000000000000
    salt_mg023                      16.00000000000000    1.000000000000000    0.000000000000000
    salt_mg024                      16.00000000000000    1.000000000000000    0.000000000000000
    salt_mg025                      16.00000000000000    1.000000000000000    0.000000000000000
    salt_mg026                      16.00000000000000    1.000000000000000    0.000000000000000
    salt_mg027                      16.00000000000000    1.000000000000000    0.000000000000000
    salt_mg028                      16.00000000000000    1.000000000000000    0.000000000000000
    salt_mg029                      16.00000000000000    1.000000000000000    0.000000000000000
    salt_mg030                      16.00000000000000    1.000000000000000    0.000000000000000
    salt_mg031                      16.00000000000000    1.000000000000000    0.000000000000000
    salt_mg032                      16.00000000000000    1.000000000000000    0.000000000000000
    salt_mg033                      16.00000000000000    1.000000000000000    0.000000000000000
    salt_mg034                      16.00000000000000    1.000000000000000    0.000000000000000
    salt_mg035                      16.00000000000000    1.000000000000000    0.000000000000000
    salt_mg036                      16.00000000000000    1.000000000000000    0.000000000000000
    salt_na000                      165.0000000000000    1.000000000000000    0.000000000000000
    salt_na001                      165.0000000000000    1.000000000000000    0.000000000000000
    salt_na002                      165.0000000000000    1.000000000000000    0.000000000000000
    salt_na003                      165.0000000000000    1.000000000000000    0.000000000000000
    salt_na004                      165.0000000000000    1.000000000000000    0.000000000000000
    salt_na005                      165.0000000000000    1.000000000000000    0.000000000000000
    salt_na006                      165.0000000000000    1.000000000000000    0.000000000000000
    salt_na007                      165.0000000000000    1.000000000000000    0.000000000000000
    salt_na008                      165.0000000000000    1.000000000000000    0.000000000000000
    salt_na009                      165.0000000000000    1.000000000000000    0.000000000000000
    salt_na010                      165.0000000000000    1.000000000000000    0.000000000000000
    salt_na011                      165.0000000000000    1.000000000000000    0.000000000000000
    salt_na012                      165.0000000000000    1.000000000000000    0.000000000000000
    salt_na013                      165.0000000000000    1.000000000000000    0.000000000000000
    salt_na014                      165.0000000000000    1.000000000000000    0.000000000000000
    salt_na015                      165.0000000000000    1.000000000000000    0.000000000000000
    salt_na016                      165.0000000000000    1.000000000000000    0.000000000000000
    salt_na017                      165.0000000000000    1.000000000000000    0.000000000000000
    salt_na018                      165.0000000000000    1.000000000000000    0.000000000000000
    salt_na019                      165.0000000000000    1.000000000000000    0.000000000000000
    salt_na020                      165.0000000000000    1.000000000000000    0.000000000000000
    salt_na021                      165.0000000000000    1.000000000000000    0.000000000000000
    salt_na022                      165.0000000000000    1.000000000000000    0.000000000000000
    salt_na023                      165.0000000000000    1.000000000000000    0.000000000000000
    salt_na024                      165.0000000000000    1.000000000000000    0.000000000000000
    salt_na025                      165.0000000000000    1.000000000000000    0.000000000000000
    salt_na026                      165.0000000000000    1.000000000000000    0.000000000000000
    salt_na027                      165.0000000000000    1.000000000000000    0.000000000000000
    salt_na028                      165.0000000000000    1.000000000000000    0.000000000000000
    salt_na029                      165.0000000000000    1.000000000000000    0.000000000000000
    salt_na030                      165.0000000000000    1.000000000000000    0.000000000000000
    salt_na031                      165.0000000000000    1.000000000000000    0.000000000000000
    salt_na032                      165.0000000000000    1.000000000000000    0.000000000000000
    salt_na033                      165.0000000000000    1.000000000000000    0.000000000000000
    salt_na034                      165.0000000000000    1.000000000000000    0.000000000000000
    salt_na035                      165.0000000000000    1.000000000000000    0.000000000000000
    salt_na036                      165.0000000000000    1.000000000000000    0.000000000000000
   salt_so4000                      239.9999999999999    1.000000000000000    0.000000000000000
   salt_so4001                      239.9999999999999    1.000000000000000    0.000000000000000
   salt_so4002                      239.9999999999999    1.000000000000000    0.000000000000000
   salt_so4003                      239.9999999999999    1.000000000000000    0.000000000000000
   salt_so4004                      239.9999999999999    1.000000000000000    0.000000000000000
   salt_so4005                      239.9999999999999    1.000000000000000    0.000000000000000
   salt_so4006                      239.9999999999999    1.000000000000000    0.000000000000000
   salt_so4007                      239.9999999999999    1.000000000000000    0.000000000000000
   salt_so4008                      239.9999999999999    1.000000000000000    0.000000000000000
   salt_so4009                      239.9999999999999    1.000000000000000    0.000000000000000
   salt_so4010                      239.9999999999999    1.000000000000000    0.000000000000000
   salt_so4011                      239.9999999999999    1.000000000000000    0.000000000000000
   salt_so4012                      239.9999999999999    1.000000000000000    0.000000000000000
   salt_so4013                      239.9999999999999    1.000000000000000    0.000000000000000
   salt_so4014                      239.9999999999999    1.000000000000000    0.000000000000000
   salt_so4015                      239.9999999999999    1.000000000000000    0.000000000000000
   salt_so4016                      239.9999999999999    1.000000000000000    0.000000000000000
   salt_so4017                      239.9999999999999    1.000000000000000    0.000000000000000
   salt_so4018                      239.9999999999999    1.000000000000000    0.000000000000000
   salt_so4019                      239.9999999999999    1.000000000000000    0.000000000000000
   salt_so4020                      239.9999999999999    1.000000000000000    0.000000000000000
   salt_so4021                      239.9999999999999    1.000000000000000    0.000000000000000
   salt_so4022                      239.9999999999999    1.000000000000000    0.000000000000000
   salt_so4023                      239.9999999999999    1.000000000000000    0.000000000000000
   salt_so4024                      239.9999999999999    1.000000000000000    0.000000000000000
   salt_so4025                      239.9999999999999    1.000000000000000    0.000000000000000
   salt_so4026                      239.9999999999999    1.000000000000000    0.000000000000000
   salt_so4027                      239.9999999999999    1.000000000000000    0.000000000000000
   salt_so4028                      239.9999999999999    1.000000000000000    0.000000000000000
   salt_so4029                      239.9999999999999    1.000000000000000    0.000000000000000
   salt_so4030                      239.9999999999999    1.000000000000000    0.000000000000000
   salt_so4031                      239.9999999999999    1.000000000000000    0.000000000000000
   salt_so4032                      239.9999999999999    1.000000000000000    0.000000000000000
   salt_so4033                      239.9999999999999    1.000000000000000    0.000000000000000
   salt_so4034                      239.9999999999999    1.000000000000000    0.000000000000000
   salt_so4035                      239.9999999999999    1.000000000000000    0.000000000000000
   salt_so4036                      239.9999999999999    1.000000000000000    0.000000000000000
