single point
    aquf_caco3                      1.000000000000000e-05    1.000000000000000    0.000000000000000
    aquf_caso4                      1.000000000000000e-05    1.000000000000000    0.000000000000000
    aquf_mgso4                      1.000000000000000e-05    1.000000000000000    0.000000000000000
   soil_caco_h                      23.70000000000000    1.000000000000000    0.000000000000000
   soil_caco_l                      12.60000000000000    1.000000000000000    0.000000000000000
   soil_caco_m                      15.80000000000000    1.000000000000000    0.000000000000000
  soil_caco_mh                      17.90000000000000    1.000000000000000    0.000000000000000
  soil_caco_ml                      14.60000000000000    1.000000000000000    0.000000000000000
   soil_caso_h                      5.820000000000000    1.000000000000000    0.000000000000000
   soil_caso_l                      0.1870000000000000    1.000000000000000    0.000000000000000
   soil_caso_m                      0.9990000000000000    1.000000000000000    0.000000000000000
  soil_caso_mh                      2.210000000000000    1.000000000000000    0.000000000000000
  soil_caso_ml                      0.4790000000000000    1.000000000000000    0.000000000000000
           p12                      1.610000000000000    1.000000000000000    0.000000000000000
           p15                      2.000000000000000e-05    1.000000000000000    0.000000000000000
           p16                      1.450000000000000    1.000000000000000    0.000000000000000
           p17                      0.5000000000000000    1.000000000000000    0.000000000000000
           p20                      0.4000000000000000    1.000000000000000    0.000000000000000
           p23                      0.003200000000000000    1.000000000000000    0.000000000000000
           p25                      1.000000000000000e-05    1.000000000000000    0.000000000000000
           p40                      1.000000000000000    1.000000000000000    0.000000000000000
           p49                      3.170000000000000    1.000000000000000    0.000000000000000
            p5                      0.1150000000000000    1.000000000000000    0.000000000000000
           p50                      0.3000000000000000    1.000000000000000    0.000000000000000
           p51                      0.9000000000000000    1.000000000000000    0.000000000000000
           p61                      0.1150000000000000    1.000000000000000    0.000000000000000
           p90                      1.000000000000000    1.000000000000000    0.000000000000000
           p91                      0.08720000000000000    1.000000000000000    0.000000000000000
           p92                      2.000000000000000    1.000000000000000    0.000000000000000
   rivbot_rg01                      5.000000000000000    1.000000000000000   -5.000000000000000
   rivbot_rg02                      5.000000000000000    1.000000000000000   -5.000000000000000
   rivbot_rg03                      5.000000000000000    1.000000000000000   -5.000000000000000
   rivbot_rg04                      5.000000000000000    1.000000000000000   -5.000000000000000
   rivbot_rg05                      5.000000000000000    1.000000000000000   -5.000000000000000
    rivcd_rg01                      49.99999999999999    1.000000000000000   -50.00000000000000
    rivcd_rg02                      49.99999999999999    1.000000000000000   -50.00000000000000
    rivcd_rg03                      49.99999999999999    1.000000000000000   -50.00000000000000
    rivcd_rg04                      49.99999999999999    1.000000000000000   -50.00000000000000
    rivcd_rg05                      49.99999999999999    1.000000000000000   -50.00000000000000
    salt_ca000                      245.0099999999999    1.000000000000000    0.000000000000000
    salt_ca001                      175.3600000000000    1.000000000000000    0.000000000000000
    salt_ca002                      141.6600000000001    1.000000000000000    0.000000000000000
    salt_ca003                      147.9400000000000    1.000000000000000    0.000000000000000
    salt_ca004                      150.7600000000000    1.000000000000000    0.000000000000000
    salt_ca005                      149.8200000000000    1.000000000000000    0.000000000000000
    salt_ca006                      137.5700000000000    1.000000000000000    0.000000000000000
    salt_ca007                      149.7300000000000    1.000000000000000    0.000000000000000
    salt_ca008                      148.9300000000000    1.000000000000000    0.000000000000000
    salt_ca009                      137.2500000000000    1.000000000000000    0.000000000000000
    salt_ca010                      129.5900000000000    1.000000000000000    0.000000000000000
    salt_ca011                      88.52010000000003    1.000000000000000    0.000000000000000
    salt_ca012                      82.54010000000000    1.000000000000000    0.000000000000000
    salt_ca013                      69.68010000000000    1.000000000000000    0.000000000000000
    salt_ca014                      102.3800000000000    1.000000000000000    0.000000000000000
    salt_ca015                      83.67009999999999    1.000000000000000    0.000000000000000
    salt_ca016                      79.86009999999999    1.000000000000000    0.000000000000000
    salt_ca017                      76.33010000000002    1.000000000000000    0.000000000000000
    salt_ca018                      50.38010000000001    1.000000000000000    0.000000000000000
    salt_ca019                      76.29009999999998    1.000000000000000    0.000000000000000
    salt_ca020                      97.19010000000000    1.000000000000000    0.000000000000000
    salt_ca021                      70.65010000000001    1.000000000000000    0.000000000000000
    salt_ca022                      29.82000000000000    1.000000000000000    0.000000000000000
    salt_ca023                      29.72000000000001    1.000000000000000    0.000000000000000
    salt_ca024                      66.30009999999999    1.000000000000000    0.000000000000000
    salt_ca025                      33.03000000000001    1.000000000000000    0.000000000000000
    salt_ca026                      40.15000000000001    1.000000000000000    0.000000000000000
    salt_ca027                      62.76010000000001    1.000000000000000    0.000000000000000
    salt_ca028                      72.54010000000001    1.000000000000000    0.000000000000000
    salt_ca029                      53.84009999999999    1.000000000000000    0.000000000000000
    salt_ca030                      125.1900000000000    1.000000000000000    0.000000000000000
    salt_ca031                      162.8199999999999    1.000000000000000    0.000000000000000
    salt_ca032                      108.4699999999999    1.000000000000000    0.000000000000000
    salt_ca033                      113.9900000000000    1.000000000000000    0.000000000000000
    salt_ca034                      124.6700000000000    1.000000000000000    0.000000000000000
    salt_ca035                      113.1900000000000    1.000000000000000    0.000000000000000
    salt_ca036                      105.3100000000000    1.000000000000000    0.000000000000000
    salt_cl000                      0.6000000000000000    1.000000000000000    0.000000000000000
    salt_cl001                      0.8700000000000000    1.000000000000000    0.000000000000000
    salt_cl002                      1.220000000000000    1.000000000000000    0.000000000000000
    salt_cl003                      1.470000000000000    1.000000000000000    0.000000000000000
    salt_cl004                      1.380000000000000    1.000000000000000    0.000000000000000
    salt_cl005                      0.9100000000000000    1.000000000000000    0.000000000000000
    salt_cl006                      1.900000000000000    1.000000000000000    0.000000000000000
    salt_cl007                      124.9400000000000    1.000000000000000    0.000000000000000
    salt_cl008                      58.07010000000000    1.000000000000000    0.000000000000000
    salt_cl009                      1.020000000000000    1.000000000000000    0.000000000000000
    salt_cl010                      2.360000000000000    1.000000000000000    0.000000000000000
    salt_cl011                      80.53010000000000    1.000000000000000    0.000000000000000
    salt_cl012                      73.65010000000001    1.000000000000000    0.000000000000000
    salt_cl013                      48.86999999999998    1.000000000000000    0.000000000000000
    salt_cl014                      44.91999999999999    1.000000000000000    0.000000000000000
    salt_cl015                      96.90009999999998    1.000000000000000    0.000000000000000
    salt_cl016                      72.03010000000000    1.000000000000000    0.000000000000000
    salt_cl017                      52.98010000000001    1.000000000000000    0.000000000000000
    salt_cl018                      32.38999999999999    1.000000000000000    0.000000000000000
    salt_cl019                      79.05010000000001    1.000000000000000    0.000000000000000
    salt_cl020                      139.1499999999999    1.000000000000000    0.000000000000000
    salt_cl021                      46.15000000000001    1.000000000000000    0.000000000000000
    salt_cl022                      26.03999999999999    1.000000000000000    0.000000000000000
    salt_cl023                      26.92999999999999    1.000000000000000    0.000000000000000
    salt_cl024                      48.42000000000000    1.000000000000000    0.000000000000000
    salt_cl025                      29.47000000000001    1.000000000000000    0.000000000000000
    salt_cl026                      30.22000000000000    1.000000000000000    0.000000000000000
    salt_cl027                      61.87009999999999    1.000000000000000    0.000000000000000
    salt_cl028                      327.0400000000000    1.000000000000000    0.000000000000000
    salt_cl029                      111.6000000000000    1.000000000000000    0.000000000000000
    salt_cl030                      648.0709999999998    1.000000000000000    0.000000000000000
    salt_cl031                      1076.180000000000    1.000000000000000    0.000000000000000
    salt_cl032                      304.2699999999999    1.000000000000000    0.000000000000000
    salt_cl033                      371.0299999999998    1.000000000000000    0.000000000000000
    salt_cl034                      551.5110000000000    1.000000000000000    0.000000000000000
    salt_cl035                      232.2100000000000    1.000000000000000    0.000000000000000
    salt_cl036                      247.2199999999999    1.000000000000000    0.000000000000000
   salt_co3000                      1.660000000000000    1.000000000000000    0.000000000000000
   salt_co3001                      1.590000000000000    1.000000000000000    0.000000000000000
   salt_co3002                      0.8400000000000000    1.000000000000000    0.000000000000000
   salt_co3003                      2.410000000000000    1.000000000000000    0.000000000000000
   salt_co3004                      2.190000000000000    1.000000000000000    0.000000000000000
   salt_co3005                      1.900000000000000    1.000000000000000    0.000000000000000
   salt_co3006                      1.730000000000000    1.000000000000000    0.000000000000000
   salt_co3007                      2.560000000000000    1.000000000000000    0.000000000000000
   salt_co3008                      2.420000000000000    1.000000000000000    0.000000000000000
   salt_co3009                      2.270000000000000    1.000000000000000    0.000000000000000
   salt_co3010                      2.170000000000000    1.000000000000000    0.000000000000000
   salt_co3011                      2.730000000000000    1.000000000000000    0.000000000000000
   salt_co3012                      2.670000000000000    1.000000000000000    0.000000000000000
   salt_co3013                      2.570000000000000    1.000000000000000    0.000000000000000
   salt_co3014                      2.460000000000000    1.000000000000000    0.000000000000000
   salt_co3015                      5.520010000000001    1.000000000000000    0.000000000000000
   salt_co3016                      5.670010000000000    1.000000000000000    0.000000000000000
   salt_co3017                      5.960010000000000    1.000000000000000    0.000000000000000
   salt_co3018                      5.890010000000000    1.000000000000000    0.000000000000000
   salt_co3019                      2.930000000000000    1.000000000000000    0.000000000000000
   salt_co3020                      4.900000000000001    1.000000000000000    0.000000000000000
   salt_co3021                      4.540000000000000    1.000000000000000    0.000000000000000
   salt_co3022                      6.780010000000000    1.000000000000000    0.000000000000000
   salt_co3023                      5.730010000000000    1.000000000000000    0.000000000000000
   salt_co3024                      0.4400000000000000    1.000000000000000    0.000000000000000
   salt_co3025                      8.140010000000000    1.000000000000000    0.000000000000000
   salt_co3026                      11.71000000000000    1.000000000000000    0.000000000000000
   salt_co3027                      1.980000000000000    1.000000000000000    0.000000000000000
   salt_co3028                      12.91000000000000    1.000000000000000    0.000000000000000
   salt_co3029                      7.530009999999999    1.000000000000000    0.000000000000000
   salt_co3030                      5.390009999999999    1.000000000000000    0.000000000000000
   salt_co3031                      6.410010000000001    1.000000000000000    0.000000000000000
   salt_co3032                      2.770000000000000    1.000000000000000    0.000000000000000
   salt_co3033                      1.430000000000000    1.000000000000000    0.000000000000000
   salt_co3034                      2.740000000000000    1.000000000000000    0.000000000000000
   salt_co3035                      1.410000000000000    1.000000000000000    0.000000000000000
   salt_co3036                      0.4699999999999999    1.000000000000000    0.000000000000000
  salt_hco3000                      143.5800000000000    1.000000000000000    0.000000000000000
  salt_hco3001                      128.9500000000000    1.000000000000000    0.000000000000000
  salt_hco3002                      113.6900000000000    1.000000000000000    0.000000000000000
  salt_hco3003                      284.3600000000001    1.000000000000000    0.000000000000000
  salt_hco3004                      186.8600000000000    1.000000000000000    0.000000000000000
  salt_hco3005                      171.7200000000000    1.000000000000000    0.000000000000000
  salt_hco3006                      170.7600000000000    1.000000000000000    0.000000000000000
  salt_hco3007                      334.3699999999999    1.000000000000000    0.000000000000000
  salt_hco3008                      211.2599999999999    1.000000000000000    0.000000000000000
  salt_hco3009                      204.1299999999999    1.000000000000000    0.000000000000000
  salt_hco3010                      203.6100000000000    1.000000000000000    0.000000000000000
  salt_hco3011                      442.0800000000002    1.000000000000000    0.000000000000000
  salt_hco3012                      371.2100000000000    1.000000000000000    0.000000000000000
  salt_hco3013                      241.2199999999999    1.000000000000000    0.000000000000000
  salt_hco3014                      227.1699999999999    1.000000000000000    0.000000000000000
  salt_hco3015                      444.1599999999998    1.000000000000000    0.000000000000000
  salt_hco3016                      372.4499999999999    1.000000000000000    0.000000000000000
  salt_hco3017                      359.1999999999998    1.000000000000000    0.000000000000000
  salt_hco3018                      527.3710000000002    1.000000000000000    0.000000000000000
  salt_hco3019                      444.1800000000002    1.000000000000000    0.000000000000000
  salt_hco3020                      412.4199999999999    1.000000000000000    0.000000000000000
  salt_hco3021                      294.7100000000001    1.000000000000000    0.000000000000000
  salt_hco3022                      516.8010000000002    1.000000000000000    0.000000000000000
  salt_hco3023                      602.5809999999999    1.000000000000000    0.000000000000000
  salt_hco3024                      298.0800000000002    1.000000000000000    0.000000000000000
  salt_hco3025                      474.4400000000002    1.000000000000000    0.000000000000000
  salt_hco3026                      414.7500000000001    1.000000000000000    0.000000000000000
  salt_hco3027                      299.0999999999999    1.000000000000000    0.000000000000000
  salt_hco3028                      328.6400000000000    1.000000000000000    0.000000000000000
  salt_hco3029                      251.0700000000000    1.000000000000000    0.000000000000000
  salt_hco3030                      280.2699999999999    1.000000000000000    0.000000000000000
  salt_hco3031                      205.5100000000000    1.000000000000000    0.000000000000000
  salt_hco3032                      231.3099999999999    1.000000000000000    0.000000000000000
  salt_hco3033                      246.5500000000000    1.000000000000000    0.000000000000000
  salt_hco3034                      241.2700000000000    1.000000000000000    0.000000000000000
  salt_hco3035                      243.6800000000000    1.000000000000000    0.000000000000000
  salt_hco3036                      210.7900000000000    1.000000000000000    0.000000000000000
     salt_k000                      1.150000000000000    1.000000000000000    0.000000000000000
     salt_k001                      1.320000000000000    1.000000000000000    0.000000000000000
     salt_k002                      1.220000000000000    1.000000000000000    0.000000000000000
     salt_k003                      1.650000000000000    1.000000000000000    0.000000000000000
     salt_k004                      1.720000000000000    1.000000000000000    0.000000000000000
     salt_k005                      1.220000000000000    1.000000000000000    0.000000000000000
     salt_k006                      1.030000000000000    1.000000000000000    0.000000000000000
     salt_k007                      2.030000000000000    1.000000000000000    0.000000000000000
     salt_k008                      1.610000000000000    1.000000000000000    0.000000000000000
     salt_k009                      1.240000000000000    1.000000000000000    0.000000000000000
     salt_k010                      0.9800000000000000    1.000000000000000    0.000000000000000
     salt_k011                      2.910000000000000    1.000000000000000    0.000000000000000
     salt_k012                      2.340000000000000    1.000000000000000    0.000000000000000
     salt_k013                      2.330000000000000    1.000000000000000    0.000000000000000
     salt_k014                      1.870000000000000    1.000000000000000    0.000000000000000
     salt_k015                      2.810000000000000    1.000000000000000    0.000000000000000
     salt_k016                      2.110000000000000    1.000000000000000    0.000000000000000
     salt_k017                      1.700000000000000    1.000000000000000    0.000000000000000
     salt_k018                      2.610000000000000    1.000000000000000    0.000000000000000
     salt_k019                      3.180000000000000    1.000000000000000    0.000000000000000
     salt_k020                      2.700000000000000    1.000000000000000    0.000000000000000
     salt_k021                      1.580000000000000    1.000000000000000    0.000000000000000
     salt_k022                      1.750000000000000    1.000000000000000    0.000000000000000
     salt_k023                      1.880000000000000    1.000000000000000    0.000000000000000
     salt_k024                      1.110000000000000    1.000000000000000    0.000000000000000
     salt_k025                      1.530000000000000    1.000000000000000    0.000000000000000
     salt_k026                      1.070000000000000    1.000000000000000    0.000000000000000
     salt_k027                      0.8700000000000000    1.000000000000000    0.000000000000000
     salt_k028                      1.520000000000000    1.000000000000000    0.000000000000000
     salt_k029                      1.150000000000000    1.000000000000000    0.000000000000000
     salt_k030                      2.520000000000000    1.000000000000000    0.000000000000000
     salt_k031                      2.870000000000000    1.000000000000000    0.000000000000000
     salt_k032                      2.290000000000000    1.000000000000000    0.000000000000000
     salt_k033                      2.550000000000000    1.000000000000000    0.000000000000000
     salt_k034                      2.570000000000000    1.000000000000000    0.000000000000000
     salt_k035                      2.180000000000000    1.000000000000000    0.000000000000000
     salt_k036                      2.330000000000000    1.000000000000000    0.000000000000000
    salt_mg000                      21.40000000000000    1.000000000000000    0.000000000000000
    salt_mg001                      15.43000000000000    1.000000000000000    0.000000000000000
    salt_mg002                      10.85000000000000    1.000000000000000    0.000000000000000
    salt_mg003                      15.62000000000000    1.000000000000000    0.000000000000000
    salt_mg004                      15.39000000000000    1.000000000000000    0.000000000000000
    salt_mg005                      13.96000000000000    1.000000000000000    0.000000000000000
    salt_mg006                      10.69000000000000    1.000000000000000    0.000000000000000
    salt_mg007                      32.22000000000001    1.000000000000000    0.000000000000000
    salt_mg008                      21.13000000000000    1.000000000000000    0.000000000000000
    salt_mg009                      13.37000000000000    1.000000000000000    0.000000000000000
    salt_mg010                      10.17000000000000    1.000000000000000    0.000000000000000
    salt_mg011                      25.17000000000001    1.000000000000000    0.000000000000000
    salt_mg012                      19.45000000000000    1.000000000000000    0.000000000000000
    salt_mg013                      12.86000000000000    1.000000000000000    0.000000000000000
    salt_mg014                      14.42000000000000    1.000000000000000    0.000000000000000
    salt_mg015                      27.50000000000000    1.000000000000000    0.000000000000000
    salt_mg016                      18.13000000000000    1.000000000000000    0.000000000000000
    salt_mg017                      14.01000000000000    1.000000000000000    0.000000000000000
    salt_mg018                      19.84000000000000    1.000000000000000    0.000000000000000
    salt_mg019                      25.28000000000000    1.000000000000000    0.000000000000000
    salt_mg020                      28.59000000000000    1.000000000000000    0.000000000000000
    salt_mg021                      12.47000000000000    1.000000000000000    0.000000000000000
    salt_mg022                      13.33000000000000    1.000000000000000    0.000000000000000
    salt_mg023                      9.720009999999998    1.000000000000000    0.000000000000000
    salt_mg024                      12.09000000000000    1.000000000000000    0.000000000000000
    salt_mg025                      9.610010000000001    1.000000000000000    0.000000000000000
    salt_mg026                      7.730010000000000    1.000000000000000    0.000000000000000
    salt_mg027                      10.47000000000000    1.000000000000000    0.000000000000000
    salt_mg028                      9.800009999999999    1.000000000000000    0.000000000000000
    salt_mg029                      11.46000000000000    1.000000000000000    0.000000000000000
    salt_mg030                      16.09000000000000    1.000000000000000    0.000000000000000
    salt_mg031                      16.09000000000000    1.000000000000000    0.000000000000000
    salt_mg032                      18.57000000000000    1.000000000000000    0.000000000000000
    salt_mg033                      19.11000000000000    1.000000000000000    0.000000000000000
    salt_mg034                      17.55000000000000    1.000000000000000    0.000000000000000
    salt_mg035                      18.74000000000000    1.000000000000000    0.000000000000000
    salt_mg036                      18.52000000000000    1.000000000000000    0.000000000000000
    salt_na000                      6.180009999999999    1.000000000000000    0.000000000000000
    salt_na001                      6.960010000000000    1.000000000000000    0.000000000000000
    salt_na002                      7.930010000000001    1.000000000000000    0.000000000000000
    salt_na003                      7.720009999999999    1.000000000000000    0.000000000000000
    salt_na004                      7.760009999999999    1.000000000000000    0.000000000000000
    salt_na005                      6.540010000000001    1.000000000000000    0.000000000000000
    salt_na006                      19.36000000000000    1.000000000000000    0.000000000000000
    salt_na007                      136.4700000000000    1.000000000000000    0.000000000000000
    salt_na008                      57.53010000000000    1.000000000000000    0.000000000000000
    salt_na009                      7.120010000000000    1.000000000000000    0.000000000000000
    salt_na010                      26.44000000000000    1.000000000000000    0.000000000000000
    salt_na011                      134.4400000000001    1.000000000000000    0.000000000000000
    salt_na012                      131.4200000000000    1.000000000000000    0.000000000000000
    salt_na013                      46.62000000000000    1.000000000000000    0.000000000000000
    salt_na014                      45.49000000000000    1.000000000000000    0.000000000000000
    salt_na015                      180.4699999999999    1.000000000000000    0.000000000000000
    salt_na016                      74.04009999999998    1.000000000000000    0.000000000000000
    salt_na017                      49.31999999999999    1.000000000000000    0.000000000000000
    salt_na018                      256.4500000000000    1.000000000000000    0.000000000000000
    salt_na019                      150.0200000000001    1.000000000000000    0.000000000000000
    salt_na020                      168.4999999999999    1.000000000000000    0.000000000000000
    salt_na021                      44.63000000000001    1.000000000000000    0.000000000000000
    salt_na022                      239.9099999999999    1.000000000000000    0.000000000000000
    salt_na023                      267.9900000000000    1.000000000000000    0.000000000000000
    salt_na024                      39.89000000000001    1.000000000000000    0.000000000000000
    salt_na025                      196.2900000000000    1.000000000000000    0.000000000000000
    salt_na026                      147.8900000000000    1.000000000000000    0.000000000000000
    salt_na027                      55.59009999999999    1.000000000000000    0.000000000000000
    salt_na028                      238.8000000000000    1.000000000000000    0.000000000000000
    salt_na029                      171.3500000000001    1.000000000000000    0.000000000000000
    salt_na030                      521.6710000000000    1.000000000000000    0.000000000000000
    salt_na031                      912.3610000000003    1.000000000000000    0.000000000000000
    salt_na032                      207.0500000000000    1.000000000000000    0.000000000000000
    salt_na033                      225.9600000000000    1.000000000000000    0.000000000000000
    salt_na034                      395.1599999999999    1.000000000000000    0.000000000000000
    salt_na035                      150.3799999999999    1.000000000000000    0.000000000000000
    salt_na036                      169.4099999999999    1.000000000000000    0.000000000000000
   salt_so4000                      861.8110000000000    1.000000000000000    0.000000000000000
   salt_so4001                      523.0809999999998    1.000000000000000    0.000000000000000
   salt_so4002                      430.6499999999999    1.000000000000000    0.000000000000000
   salt_so4003                      397.4699999999999    1.000000000000000    0.000000000000000
   salt_so4004                      407.3600000000002    1.000000000000000    0.000000000000000
   salt_so4005                      408.3299999999999    1.000000000000000    0.000000000000000
   salt_so4006                      389.0400000000001    1.000000000000000    0.000000000000000
   salt_so4007                      359.0799999999999    1.000000000000000    0.000000000000000
   salt_so4008                      400.8599999999998    1.000000000000000    0.000000000000000
   salt_so4009                      344.6900000000001    1.000000000000000    0.000000000000000
   salt_so4010                      349.4199999999999    1.000000000000000    0.000000000000000
   salt_so4011                      155.8700000000001    1.000000000000000    0.000000000000000
   salt_so4012                      136.3500000000000    1.000000000000000    0.000000000000000
   salt_so4013                      85.54009999999998    1.000000000000000    0.000000000000000
   salt_so4014                      196.8800000000000    1.000000000000000    0.000000000000000
   salt_so4015                      172.7600000000000    1.000000000000000    0.000000000000000
   salt_so4016                      95.73010000000001    1.000000000000000    0.000000000000000
   salt_so4017                      73.96010000000001    1.000000000000000    0.000000000000000
   salt_so4018                      123.4900000000000    1.000000000000000    0.000000000000000
   salt_so4019                      152.3199999999999    1.000000000000000    0.000000000000000
   salt_so4020                      166.3499999999999    1.000000000000000    0.000000000000000
   salt_so4021                      66.44010000000002    1.000000000000000    0.000000000000000
   salt_so4022                      91.75010000000000    1.000000000000000    0.000000000000000
   salt_so4023                      93.70010000000001    1.000000000000000    0.000000000000000
   salt_so4024                      76.50010000000000    1.000000000000000    0.000000000000000
   salt_so4025                      79.31010000000002    1.000000000000000    0.000000000000000
   salt_so4026                      83.08010000000000    1.000000000000000    0.000000000000000
   salt_so4027                      54.09009999999999    1.000000000000000    0.000000000000000
   salt_so4028                      130.5399999999999    1.000000000000000    0.000000000000000
   salt_so4029                      115.5300000000000    1.000000000000000    0.000000000000000
   salt_so4030                      235.0099999999999    1.000000000000000    0.000000000000000
   salt_so4031                      183.4300000000001    1.000000000000000    0.000000000000000
   salt_so4032                      286.6199999999999    1.000000000000000    0.000000000000000
   salt_so4033                      226.5899999999999    1.000000000000000    0.000000000000000
   salt_so4034                      239.6900000000001    1.000000000000000    0.000000000000000
   salt_so4035                      343.9299999999998    1.000000000000000    0.000000000000000
   salt_so4036                      371.6300000000000    1.000000000000000    0.000000000000000
