single point
    aquf_caco3                      0.0002981383453723436    1.000000000000000    0.000000000000000
    aquf_caso4                      0.0002828596147453316    1.000000000000000    0.000000000000000
    aquf_mgso4                      0.07106600965029619    1.000000000000000    0.000000000000000
   soil_caco_h                      28.30000000000000    1.000000000000000    0.000000000000000
   soil_caco_l                      14.00000000000000    1.000000000000000    0.000000000000000
   soil_caco_m                      16.60000000000000    1.000000000000000    0.000000000000000
  soil_caco_mh                      2.027251853877796    1.000000000000000    0.000000000000000
  soil_caco_ml                      12.83332819555621    1.000000000000000    0.000000000000000
   soil_caso_h                      0.1396721883233524    1.000000000000000    0.000000000000000
   soil_caso_l                      0.2790000000000000    1.000000000000000    0.000000000000000
   soil_caso_m                      1.320000000000000    1.000000000000000    0.000000000000000
  soil_caso_mh                      0.2097550580480681    1.000000000000000    0.000000000000000
  soil_caso_ml                      0.04953625207333864    1.000000000000000    0.000000000000000
           p12                      1.610000000000000    1.000000000000000    0.000000000000000
           p15                      2.000000000000000e-05    1.000000000000000    0.000000000000000
           p16                      1.450000000000000    1.000000000000000    0.000000000000000
           p17                      0.5000000000000000    1.000000000000000    0.000000000000000
           p20                      0.4000000000000000    1.000000000000000    0.000000000000000
           p23                      0.003200000000000000    1.000000000000000    0.000000000000000
           p25                      1.000000000000000e-05    1.000000000000000    0.000000000000000
           p40                      1.000000000000000    1.000000000000000    0.000000000000000
           p49                      3.170000000000000    1.000000000000000    0.000000000000000
            p5                      0.1150000000000000    1.000000000000000    0.000000000000000
           p50                      0.3000000000000000    1.000000000000000    0.000000000000000
           p51                      0.9000000000000000    1.000000000000000    0.000000000000000
           p61                      0.1150000000000000    1.000000000000000    0.000000000000000
           p90                      1.000000000000000    1.000000000000000    0.000000000000000
           p91                      0.08720000000000000    1.000000000000000    0.000000000000000
           p92                      2.000000000000000    1.000000000000000    0.000000000000000
   rivbot_rg01                      5.000000000000000    1.000000000000000   -5.000000000000000
   rivbot_rg02                      5.000000000000000    1.000000000000000   -5.000000000000000
   rivbot_rg03                      5.000000000000000    1.000000000000000   -5.000000000000000
   rivbot_rg04                      5.000000000000000    1.000000000000000   -5.000000000000000
   rivbot_rg05                      5.000000000000000    1.000000000000000   -5.000000000000000
    rivcd_rg01                      16.23416193925449    1.000000000000000   -50.00000000000000
    rivcd_rg02                      100.0000000000000    1.000000000000000   -50.00000000000000
    rivcd_rg03                      12.18533691557062    1.000000000000000   -50.00000000000000
    rivcd_rg04                      95.44114550874527    1.000000000000000   -50.00000000000000
    rivcd_rg05                      75.15243084188052    1.000000000000000   -50.00000000000000
    salt_ca000                      1.149158922558876    1.000000000000000    0.000000000000000
    salt_ca001                      0.05532664314374029    1.000000000000000    0.000000000000000
    salt_ca002                      89.78033635098517    1.000000000000000    0.000000000000000
    salt_ca003                      251.4980000000001    1.000000000000000    0.000000000000000
    salt_ca004                      3.251098908242108    1.000000000000000    0.000000000000000
    salt_ca005                      7.385678843900242    1.000000000000000    0.000000000000000
    salt_ca006                      233.8690000000000    1.000000000000000    0.000000000000000
    salt_ca007                      47.59861553261895    1.000000000000000    0.000000000000000
    salt_ca008                      9.809435928848925    1.000000000000000    0.000000000000000
    salt_ca009                      40.08179749718680    1.000000000000000    0.000000000000000
    salt_ca010                      0.3009965430607804    1.000000000000000    0.000000000000000
    salt_ca011                      2.007944055713617    1.000000000000000    0.000000000000000
    salt_ca012                      124.4696158191183    1.000000000000000    0.000000000000000
    salt_ca013                      5.388955410355467    1.000000000000000    0.000000000000000
    salt_ca014                      91.00845653806755    1.000000000000000    0.000000000000000
    salt_ca015                      1.820048986597628    1.000000000000000    0.000000000000000
    salt_ca016                      135.7621700000000    1.000000000000000    0.000000000000000
    salt_ca017                      0.01329589929187238    1.000000000000000    0.000000000000000
    salt_ca018                      85.64617000000001    1.000000000000000    0.000000000000000
    salt_ca019                      61.96508673473422    1.000000000000000    0.000000000000000
    salt_ca020                      32.51760923082855    1.000000000000000    0.000000000000000
    salt_ca021                      0.9522049365056824    1.000000000000000    0.000000000000000
    salt_ca022                      3.369176770606590    1.000000000000000    0.000000000000000
    salt_ca023                      4.336482296338485    1.000000000000000    0.000000000000000
    salt_ca024                      112.7101700000000    1.000000000000000    0.000000000000000
    salt_ca025                      24.48712845162753    1.000000000000000    0.000000000000000
    salt_ca026                      0.1527811495465621    1.000000000000000    0.000000000000000
    salt_ca027                      106.6921700000001    1.000000000000000    0.000000000000000
    salt_ca028                      4.133832341934325    1.000000000000000    0.000000000000000
    salt_ca029                      0.4703360604643116    1.000000000000000    0.000000000000000
    salt_ca030                      212.8230000000000    1.000000000000000    0.000000000000000
    salt_ca031                      276.7940000000000    1.000000000000000    0.000000000000000
    salt_ca032                      0.0006717245742624680    1.000000000000000    0.000000000000000
    salt_ca033                      193.7829999999999    1.000000000000000    0.000000000000000
    salt_ca034                      8.013632495814072    1.000000000000000    0.000000000000000
    salt_ca035                      192.4230000000000    1.000000000000000    0.000000000000000
    salt_ca036                      1.499890691791001    1.000000000000000    0.000000000000000
    salt_cl000                      0.2347241445386491    1.000000000000000    0.000000000000000
    salt_cl001                      1.240306278530620    1.000000000000000    0.000000000000000
    salt_cl002                      0.01041437235272376    1.000000000000000    0.000000000000000
    salt_cl003                      0.001206168429841713    1.000000000000000    0.000000000000000
    salt_cl004                      0.6450290249117163    1.000000000000000    0.000000000000000
    salt_cl005                      1.547000000000000    1.000000000000000    0.000000000000000
    salt_cl006                      0.1321380560401955    1.000000000000000    0.000000000000000
    salt_cl007                      0.1251502277304972    1.000000000000000    0.000000000000000
    salt_cl008                      0.3010883728406414    1.000000000000000    0.000000000000000
    salt_cl009                      0.009016594383738506    1.000000000000000    0.000000000000000
    salt_cl010                      4.831161339602549e-06    1.000000000000000    0.000000000000000
    salt_cl011                      5.836249832657261    1.000000000000000    0.000000000000000
    salt_cl012                      125.2051699999999    1.000000000000000    0.000000000000000
    salt_cl013                      30.78212864216601    1.000000000000000    0.000000000000000
    salt_cl014                      0.01180238695060657    1.000000000000000    0.000000000000000
    salt_cl015                      164.7301699999999    1.000000000000000    0.000000000000000
    salt_cl016                      0.2309650318301866    1.000000000000000    0.000000000000000
    salt_cl017                      9.049769839688578    1.000000000000000    0.000000000000000
    salt_cl018                      55.06300000000001    1.000000000000000    0.000000000000000
    salt_cl019                      3.321470583802848    1.000000000000000    0.000000000000000
    salt_cl020                      236.5550000000000    1.000000000000000    0.000000000000000
    salt_cl021                      4.814474054790083    1.000000000000000    0.000000000000000
    salt_cl022                      6.057978057438203    1.000000000000000    0.000000000000000
    salt_cl023                      0.1330625555556261    1.000000000000000    0.000000000000000
    salt_cl024                      82.31399999999999    1.000000000000000    0.000000000000000
    salt_cl025                      29.56563707335185    1.000000000000000    0.000000000000000
    salt_cl026                      28.79627258394653    1.000000000000000    0.000000000000000
    salt_cl027                      0.03427259956208736    1.000000000000000    0.000000000000000
    salt_cl028                      380.7631062494795    1.000000000000000    0.000000000000000
    salt_cl029                      19.84422517530875    1.000000000000000    0.000000000000000
    salt_cl030                      0.05989839983599880    1.000000000000000    0.000000000000000
    salt_cl031                      254.2335358733346    1.000000000000000    0.000000000000000
    salt_cl032                      27.06758011428469    1.000000000000000    0.000000000000000
    salt_cl033                      0.005650459963122337    1.000000000000000    0.000000000000000
    salt_cl034                      937.5687000000003    1.000000000000000    0.000000000000000
    salt_cl035                      394.7570000000001    1.000000000000000    0.000000000000000
    salt_cl036                      4.889830799739271    1.000000000000000    0.000000000000000
   salt_co3000                      1.801184171810536    1.000000000000000    0.000000000000000
   salt_co3001                      0.03120818871488710    1.000000000000000    0.000000000000000
   salt_co3002                      0.1122191623729674    1.000000000000000    0.000000000000000
   salt_co3003                      0.4056447870885032    1.000000000000000    0.000000000000000
   salt_co3004                      0.2431837535699864    1.000000000000000    0.000000000000000
   salt_co3005                      3.230000000000000    1.000000000000000    0.000000000000000
   salt_co3006                      0.002780956926995943    1.000000000000000    0.000000000000000
   salt_co3007                      0.02147606272047906    1.000000000000000    0.000000000000000
   salt_co3008                      4.114000000000000    1.000000000000000    0.000000000000000
   salt_co3009                      0.06298634939322714    1.000000000000000    0.000000000000000
   salt_co3010                      1.652374092433699    1.000000000000000    0.000000000000000
   salt_co3011                      2.723784933316028    1.000000000000000    0.000000000000000
   salt_co3012                      0.03118409956107347    1.000000000000000    0.000000000000000
   salt_co3013                      3.647419412103277    1.000000000000000    0.000000000000000
   salt_co3014                      0.1150977419117908    1.000000000000000    0.000000000000000
   salt_co3015                      0.003100139119114595    1.000000000000000    0.000000000000000
   salt_co3016                      9.639017000000001    1.000000000000000    0.000000000000000
   salt_co3017                      8.730733754478079    1.000000000000000    0.000000000000000
   salt_co3018                      0.007373913554952774    1.000000000000000    0.000000000000000
   salt_co3019                      0.1385669443527397    1.000000000000000    0.000000000000000
   salt_co3020                      7.113387731367721    1.000000000000000    0.000000000000000
   salt_co3021                      7.718000000000001    1.000000000000000    0.000000000000000
   salt_co3022                      0.007130590480073612    1.000000000000000    0.000000000000000
   salt_co3023                      0.04714826035983202    1.000000000000000    0.000000000000000
   salt_co3024                      0.01637764709088054    1.000000000000000    0.000000000000000
   salt_co3025                      0.002124179693556270    1.000000000000000    0.000000000000000
   salt_co3026                      0.6480312320489503    1.000000000000000    0.000000000000000
   salt_co3027                      0.2361715807874306    1.000000000000000    0.000000000000000
   salt_co3028                      17.70178812139130    1.000000000000000    0.000000000000000
   salt_co3029                      0.02533820071431178    1.000000000000000    0.000000000000000
   salt_co3030                      9.163017000000002    1.000000000000000    0.000000000000000
   salt_co3031                      10.89701700000000    1.000000000000000    0.000000000000000
   salt_co3032                      2.446306956355297    1.000000000000000    0.000000000000000
   salt_co3033                      2.431000000000000    1.000000000000000    0.000000000000000
   salt_co3034                      4.658000000000000    1.000000000000000    0.000000000000000
   salt_co3035                      2.397000000000000    1.000000000000000    0.000000000000000
   salt_co3036                      0.002340570349992735    1.000000000000000    0.000000000000000
  salt_hco3000                      110.7316613274165    1.000000000000000    0.000000000000000
  salt_hco3001                      6.104407123265598    1.000000000000000    0.000000000000000
  salt_hco3002                      0.02637858927838707    1.000000000000000    0.000000000000000
  salt_hco3003                      0.2620274184460411    1.000000000000000    0.000000000000000
  salt_hco3004                      317.6620000000000    1.000000000000000    0.000000000000000
  salt_hco3005                      291.9240000000001    1.000000000000000    0.000000000000000
  salt_hco3006                      2.241208321964744    1.000000000000000    0.000000000000000
  salt_hco3007                      1.246604785840095    1.000000000000000    0.000000000000000
  salt_hco3008                      0.003696968867840966    1.000000000000000    0.000000000000000
  salt_hco3009                      13.54251489165883    1.000000000000000    0.000000000000000
  salt_hco3010                      4.717143886566329    1.000000000000000    0.000000000000000
  salt_hco3011                      0.4998288550601018    1.000000000000000    0.000000000000000
  salt_hco3012                      631.0570000000002    1.000000000000000    0.000000000000000
  salt_hco3013                      410.0740000000000    1.000000000000000    0.000000000000000
  salt_hco3014                      55.72786308862698    1.000000000000000    0.000000000000000
  salt_hco3015                      0.006088061563523210    1.000000000000000    0.000000000000000
  salt_hco3016                      633.1650000000002    1.000000000000000    0.000000000000000
  salt_hco3017                      610.6400000000000    1.000000000000000    0.000000000000000
  salt_hco3018                      1.928700806735956    1.000000000000000    0.000000000000000
  salt_hco3019                      755.1059999999999    1.000000000000000    0.000000000000000
  salt_hco3020                      701.1140000000001    1.000000000000000    0.000000000000000
  salt_hco3021                      501.0069999999999    1.000000000000000    0.000000000000000
  salt_hco3022                      131.2246547679780    1.000000000000000    0.000000000000000
  salt_hco3023                      1024.387700000000    1.000000000000000    0.000000000000000
  salt_hco3024                      119.2491954083589    1.000000000000000    0.000000000000000
  salt_hco3025                      806.5479999999999    1.000000000000000    0.000000000000000
  salt_hco3026                      705.0749999999997    1.000000000000000    0.000000000000000
  salt_hco3027                      508.4700000000001    1.000000000000000    0.000000000000000
  salt_hco3028                      558.6880000000002    1.000000000000000    0.000000000000000
  salt_hco3029                      187.1429425455942    1.000000000000000    0.000000000000000
  salt_hco3030                      0.02927632736216060    1.000000000000000    0.000000000000000
  salt_hco3031                      349.3670000000001    1.000000000000000    0.000000000000000
  salt_hco3032                      48.00977058191178    1.000000000000000    0.000000000000000
  salt_hco3033                      419.1350000000002    1.000000000000000    0.000000000000000
  salt_hco3034                      63.03601813911914    1.000000000000000    0.000000000000000
  salt_hco3035                      414.2560000000002    1.000000000000000    0.000000000000000
  salt_hco3036                      36.63256134462501    1.000000000000000    0.000000000000000
     salt_k000                      1.955000000000000    1.000000000000000    0.000000000000000
     salt_k001                      1.002925030241097    1.000000000000000    0.000000000000000
     salt_k002                      2.074000000000000    1.000000000000000    0.000000000000000
     salt_k003                      0.7866908846759983    1.000000000000000    0.000000000000000
     salt_k004                      2.924000000000000    1.000000000000000    0.000000000000000
     salt_k005                      2.074000000000000    1.000000000000000    0.000000000000000
     salt_k006                      0.7784966306385606    1.000000000000000    0.000000000000000
     salt_k007                      3.342572280093732e-07    1.000000000000000    0.000000000000000
     salt_k008                      0.08296260565317315    1.000000000000000    0.000000000000000
     salt_k009                      0.5195090530442126    1.000000000000000    0.000000000000000
     salt_k010                      1.666000000000000    1.000000000000000    0.000000000000000
     salt_k011                      0.01157346256349394    1.000000000000000    0.000000000000000
     salt_k012                      0.9332469090522781    1.000000000000000    0.000000000000000
     salt_k013                      0.01083763743121704    1.000000000000000    0.000000000000000
     salt_k014                      0.6352999388892595    1.000000000000000    0.000000000000000
     salt_k015                      0.006379454940866358    1.000000000000000    0.000000000000000
     salt_k016                      0.009014198798158421    1.000000000000000    0.000000000000000
     salt_k017                      0.4859586757556877    1.000000000000000    0.000000000000000
     salt_k018                      2.002069492382789    1.000000000000000    0.000000000000000
     salt_k019                      1.753850370741412    1.000000000000000    0.000000000000000
     salt_k020                      2.092289668225589    1.000000000000000    0.000000000000000
     salt_k021                      0.01379882263981863    1.000000000000000    0.000000000000000
     salt_k022                      0.01124535972002633    1.000000000000000    0.000000000000000
     salt_k023                      0.3198010486361361    1.000000000000000    0.000000000000000
     salt_k024                      0.1506977749902403    1.000000000000000    0.000000000000000
     salt_k025                      0.6905587894948411    1.000000000000000    0.000000000000000
     salt_k026                      0.01951725169595236    1.000000000000000    0.000000000000000
     salt_k027                      1.479000000000000    1.000000000000000    0.000000000000000
     salt_k028                      2.584000000000000    1.000000000000000    0.000000000000000
     salt_k029                      0.1612020171091678    1.000000000000000    0.000000000000000
     salt_k030                      4.284000000000000    1.000000000000000    0.000000000000000
     salt_k031                      0.2396736547077407    1.000000000000000    0.000000000000000
     salt_k032                      3.893000000000000    1.000000000000000    0.000000000000000
     salt_k033                      4.335000000000000    1.000000000000000    0.000000000000000
     salt_k034                      0.7387180535143887    1.000000000000000    0.000000000000000
     salt_k035                      1.556738414015834    1.000000000000000    0.000000000000000
     salt_k036                      0.2391161682685397    1.000000000000000    0.000000000000000
    salt_mg000                      2.441911748140072    1.000000000000000    0.000000000000000
    salt_mg001                      0.1412732459588666    1.000000000000000    0.000000000000000
    salt_mg002                      15.49669670989688    1.000000000000000    0.000000000000000
    salt_mg003                      0.04340290930723625    1.000000000000000    0.000000000000000
    salt_mg004                      0.7059797115782085    1.000000000000000    0.000000000000000
    salt_mg005                      6.118098877866331    1.000000000000000    0.000000000000000
    salt_mg006                      12.94442402091772    1.000000000000000    0.000000000000000
    salt_mg007                      9.978269770711396    1.000000000000000    0.000000000000000
    salt_mg008                      0.0005094820454843863    1.000000000000000    0.000000000000000
    salt_mg009                      0.05894977392308150    1.000000000000000    0.000000000000000
    salt_mg010                      0.5351140773170130    1.000000000000000    0.000000000000000
    salt_mg011                      42.78900000000001    1.000000000000000    0.000000000000000
    salt_mg012                      0.01734896572620684    1.000000000000000    0.000000000000000
    salt_mg013                      15.22773268538074    1.000000000000000    0.000000000000000
    salt_mg014                      0.07528853078367771    1.000000000000000    0.000000000000000
    salt_mg015                      0.7422985362924147    1.000000000000000    0.000000000000000
    salt_mg016                      1.330644034419692    1.000000000000000    0.000000000000000
    salt_mg017                      0.01281337351773949    1.000000000000000    0.000000000000000
    salt_mg018                      1.826373563336585    1.000000000000000    0.000000000000000
    salt_mg019                      42.97600000000000    1.000000000000000    0.000000000000000
    salt_mg020                      21.15976729713653    1.000000000000000    0.000000000000000
    salt_mg021                      1.368820805786780    1.000000000000000    0.000000000000000
    salt_mg022                      22.66100000000000    1.000000000000000    0.000000000000000
    salt_mg023                      0.6821966861120953    1.000000000000000    0.000000000000000
    salt_mg024                      3.625970705213644    1.000000000000000    0.000000000000000
    salt_mg025                      16.33701700000000    1.000000000000000    0.000000000000000
    salt_mg026                      13.14101700000000    1.000000000000000    0.000000000000000
    salt_mg027                      3.638300125054651    1.000000000000000    0.000000000000000
    salt_mg028                      16.66001700000000    1.000000000000000    0.000000000000000
    salt_mg029                      0.1679470517950219    1.000000000000000    0.000000000000000
    salt_mg030                      0.5790966076496347    1.000000000000000    0.000000000000000
    salt_mg031                      27.35300000000001    1.000000000000000    0.000000000000000
    salt_mg032                      0.3965857435008601    1.000000000000000    0.000000000000000
    salt_mg033                      32.48700000000000    1.000000000000000    0.000000000000000
    salt_mg034                      0.6430197665952287    1.000000000000000    0.000000000000000
    salt_mg035                      6.217568639515886    1.000000000000000    0.000000000000000
    salt_mg036                      14.17037857068360    1.000000000000000    0.000000000000000
    salt_na000                      10.50601700000000    1.000000000000000    0.000000000000000
    salt_na001                      0.0007428470386861767    1.000000000000000    0.000000000000000
    salt_na002                      1.818840984307240    1.000000000000000    0.000000000000000
    salt_na003                      4.824371616300651    1.000000000000000    0.000000000000000
    salt_na004                      0.1318770282309127    1.000000000000000    0.000000000000000
    salt_na005                      1.267323615391455    1.000000000000000    0.000000000000000
    salt_na006                      18.71993007865868    1.000000000000000    0.000000000000000
    salt_na007                      45.28331191343054    1.000000000000000    0.000000000000000
    salt_na008                      3.447918860676523    1.000000000000000    0.000000000000000
    salt_na009                      12.10401700000000    1.000000000000000    0.000000000000000
    salt_na010                      3.672847651044636    1.000000000000000    0.000000000000000
    salt_na011                      0.003378784019370065    1.000000000000000    0.000000000000000
    salt_na012                      31.08579271014751    1.000000000000000    0.000000000000000
    salt_na013                      0.7129401002468421    1.000000000000000    0.000000000000000
    salt_na014                      0.2118675329841592    1.000000000000000    0.000000000000000
    salt_na015                      306.7990000000000    1.000000000000000    0.000000000000000
    salt_na016                      0.3946593579211191    1.000000000000000    0.000000000000000
    salt_na017                      83.84399999999998    1.000000000000000    0.000000000000000
    salt_na018                      435.9649999999999    1.000000000000000    0.000000000000000
    salt_na019                      6.124231978032967    1.000000000000000    0.000000000000000
    salt_na020                      18.47934033523927    1.000000000000000    0.000000000000000
    salt_na021                      5.193779273002257    1.000000000000000    0.000000000000000
    salt_na022                      0.6277487030611928    1.000000000000000    0.000000000000000
    salt_na023                      455.5830000000001    1.000000000000000    0.000000000000000
    salt_na024                      0.1555427551418846    1.000000000000000    0.000000000000000
    salt_na025                      63.06024003973243    1.000000000000000    0.000000000000000
    salt_na026                      251.4130000000001    1.000000000000000    0.000000000000000
    salt_na027                      94.50317000000003    1.000000000000000    0.000000000000000
    salt_na028                      67.45981062694739    1.000000000000000    0.000000000000000
    salt_na029                      215.8027910461182    1.000000000000000    0.000000000000000
    salt_na030                      0.008650418883160160    1.000000000000000    0.000000000000000
    salt_na031                      30.47672859507237    1.000000000000000    0.000000000000000
    salt_na032                      0.1291120484620356    1.000000000000000    0.000000000000000
    salt_na033                      384.1320000000002    1.000000000000000    0.000000000000000
    salt_na034                      1.139350304617785    1.000000000000000    0.000000000000000
    salt_na035                      255.6460000000000    1.000000000000000    0.000000000000000
    salt_na036                      12.77750649023906    1.000000000000000    0.000000000000000
   salt_so4000                      0.8376360732519643    1.000000000000000    0.000000000000000
   salt_so4001                      11.56499182237250    1.000000000000000    0.000000000000000
   salt_so4002                      732.1050000000000    1.000000000000000    0.000000000000000
   salt_so4003                      3.955021372996124    1.000000000000000    0.000000000000000
   salt_so4004                      16.22983961088935    1.000000000000000    0.000000000000000
   salt_so4005                      88.13035495444608    1.000000000000000    0.000000000000000
   salt_so4006                      661.3679999999997    1.000000000000000    0.000000000000000
   salt_so4007                      2.114715659520177    1.000000000000000    0.000000000000000
   salt_so4008                      0.001707715483599358    1.000000000000000    0.000000000000000
   salt_so4009                      2.450023459746137    1.000000000000000    0.000000000000000
   salt_so4010                      5.873499778776203    1.000000000000000    0.000000000000000
   salt_so4011                      264.9790000000000    1.000000000000000    0.000000000000000
   salt_so4012                      231.7949999999999    1.000000000000000    0.000000000000000
   salt_so4013                      89.13354104431487    1.000000000000000    0.000000000000000
   salt_so4014                      34.51406579271156    1.000000000000000    0.000000000000000
   salt_so4015                      0.01088343751535727    1.000000000000000    0.000000000000000
   salt_so4016                      162.7411700000001    1.000000000000000    0.000000000000000
   salt_so4017                      125.7321700000000    1.000000000000000    0.000000000000000
   salt_so4018                      91.66723860747510    1.000000000000000    0.000000000000000
   salt_so4019                      258.9440000000000    1.000000000000000    0.000000000000000
   salt_so4020                      2.702508495738808    1.000000000000000    0.000000000000000
   salt_so4021                      11.03717454803493    1.000000000000000    0.000000000000000
   salt_so4022                      65.41772814315404    1.000000000000000    0.000000000000000
   salt_so4023                      97.89388124993397    1.000000000000000    0.000000000000000
   salt_so4024                      130.0501700000000    1.000000000000000    0.000000000000000
   salt_so4025                      0.06457496721623265    1.000000000000000    0.000000000000000
   salt_so4026                      0.1278623479605607    1.000000000000000    0.000000000000000
   salt_so4027                      91.95317000000001    1.000000000000000    0.000000000000000
   salt_so4028                      0.01310704906908186    1.000000000000000    0.000000000000000
   salt_so4029                      196.4010000000000    1.000000000000000    0.000000000000000
   salt_so4030                      111.4210658698714    1.000000000000000    0.000000000000000
   salt_so4031                      108.7633417225489    1.000000000000000    0.000000000000000
   salt_so4032                      47.65864350540919    1.000000000000000    0.000000000000000
   salt_so4033                      20.05054194837815    1.000000000000000    0.000000000000000
   salt_so4034                      213.0817061647244    1.000000000000000    0.000000000000000
   salt_so4035                      0.4924436437837204    1.000000000000000    0.000000000000000
   salt_so4036                      1.157014768349446e-05    1.000000000000000    0.000000000000000
