single point
    aquf_caco3                      0.0003761379685017814    1.000000000000000    0.000000000000000
    aquf_caso4                      0.002461344926884634    1.000000000000000    0.000000000000000
    aquf_mgso4                      0.08920449172552299    1.000000000000000    0.000000000000000
   soil_caco_h                      25.34785950529440    1.000000000000000    0.000000000000000
   soil_caco_l                      14.00000000000000    1.000000000000000    0.000000000000000
   soil_caco_m                      16.60000000000000    1.000000000000000    0.000000000000000
  soil_caco_mh                      1.310476292769539    1.000000000000000    0.000000000000000
  soil_caco_ml                      7.126104299283044    1.000000000000000    0.000000000000000
   soil_caso_h                      0.09649148253123514    1.000000000000000    0.000000000000000
   soil_caso_l                      0.2197320939712764    1.000000000000000    0.000000000000000
   soil_caso_m                      0.9611586723607454    1.000000000000000    0.000000000000000
  soil_caso_mh                      0.3331950916288137    1.000000000000000    0.000000000000000
  soil_caso_ml                      0.05470625034872831    1.000000000000000    0.000000000000000
           p12                      1.610000000000000    1.000000000000000    0.000000000000000
           p15                      2.000000000000000e-05    1.000000000000000    0.000000000000000
           p16                      1.450000000000000    1.000000000000000    0.000000000000000
           p17                      0.5000000000000000    1.000000000000000    0.000000000000000
           p20                      0.4000000000000000    1.000000000000000    0.000000000000000
           p23                      0.003200000000000000    1.000000000000000    0.000000000000000
           p25                      1.000000000000000e-05    1.000000000000000    0.000000000000000
           p40                      1.000000000000000    1.000000000000000    0.000000000000000
           p49                      3.170000000000000    1.000000000000000    0.000000000000000
            p5                      0.1150000000000000    1.000000000000000    0.000000000000000
           p50                      0.3000000000000000    1.000000000000000    0.000000000000000
           p51                      0.9000000000000000    1.000000000000000    0.000000000000000
           p61                      0.1150000000000000    1.000000000000000    0.000000000000000
           p90                      1.000000000000000    1.000000000000000    0.000000000000000
           p91                      0.08720000000000000    1.000000000000000    0.000000000000000
           p92                      2.000000000000000    1.000000000000000    0.000000000000000
   rivbot_rg01                      5.000000000000000    1.000000000000000   -5.000000000000000
   rivbot_rg02                      5.000000000000000    1.000000000000000   -5.000000000000000
   rivbot_rg03                      5.000000000000000    1.000000000000000   -5.000000000000000
   rivbot_rg04                      5.000000000000000    1.000000000000000   -5.000000000000000
   rivbot_rg05                      5.000000000000000    1.000000000000000   -5.000000000000000
    rivcd_rg01                      15.33890901880014    1.000000000000000   -50.00000000000000
    rivcd_rg02                      100.0000000000000    1.000000000000000   -50.00000000000000
    rivcd_rg03                      10.48604886363302    1.000000000000000   -50.00000000000000
    rivcd_rg04                      86.31529496580320    1.000000000000000   -50.00000000000000
    rivcd_rg05                      90.53439842204160    1.000000000000000   -50.00000000000000
    salt_ca000                      1.408745341413221    1.000000000000000    0.000000000000000
    salt_ca001                      0.04983542362956400    1.000000000000000    0.000000000000000
    salt_ca002                      31.39497049715477    1.000000000000000    0.000000000000000
    salt_ca003                      251.4980000000001    1.000000000000000    0.000000000000000
    salt_ca004                      6.144953983369591    1.000000000000000    0.000000000000000
    salt_ca005                      9.680149691682729    1.000000000000000    0.000000000000000
    salt_ca006                      220.5939044577196    1.000000000000000    0.000000000000000
    salt_ca007                      86.70479266628871    1.000000000000000    0.000000000000000
    salt_ca008                      10.89423372308014    1.000000000000000    0.000000000000000
    salt_ca009                      9.712152530447298    1.000000000000000    0.000000000000000
    salt_ca010                      0.4410267335287819    1.000000000000000    0.000000000000000
    salt_ca011                      1.407665983876521    1.000000000000000    0.000000000000000
    salt_ca012                      140.3181700000000    1.000000000000000    0.000000000000000
    salt_ca013                      3.586119249480717    1.000000000000000    0.000000000000000
    salt_ca014                      48.92064124039977    1.000000000000000    0.000000000000000
    salt_ca015                      1.144694632119174    1.000000000000000    0.000000000000000
    salt_ca016                      132.0017361032773    1.000000000000000    0.000000000000000
    salt_ca017                      0.01471211427215209    1.000000000000000    0.000000000000000
    salt_ca018                      85.64617000000001    1.000000000000000    0.000000000000000
    salt_ca019                      51.76791837613624    1.000000000000000    0.000000000000000
    salt_ca020                      14.52969248195215    1.000000000000000    0.000000000000000
    salt_ca021                      0.7772867255774547    1.000000000000000    0.000000000000000
    salt_ca022                      5.639603922661891    1.000000000000000    0.000000000000000
    salt_ca023                      5.078952484909665    1.000000000000000    0.000000000000000
    salt_ca024                      94.51267774282856    1.000000000000000    0.000000000000000
    salt_ca025                      9.150884388516634    1.000000000000000    0.000000000000000
    salt_ca026                      0.1701693133403618    1.000000000000000    0.000000000000000
    salt_ca027                      106.6921700000001    1.000000000000000    0.000000000000000
    salt_ca028                      2.302168209322713    1.000000000000000    0.000000000000000
    salt_ca029                      0.4086827358488053    1.000000000000000    0.000000000000000
    salt_ca030                      212.8230000000000    1.000000000000000    0.000000000000000
    salt_ca031                      276.7940000000000    1.000000000000000    0.000000000000000
    salt_ca032                      0.0008943320631526869    1.000000000000000    0.000000000000000
    salt_ca033                      193.7829999999999    1.000000000000000    0.000000000000000
    salt_ca034                      6.987537840216424    1.000000000000000    0.000000000000000
    salt_ca035                      192.4230000000000    1.000000000000000    0.000000000000000
    salt_ca036                      0.6769696767574823    1.000000000000000    0.000000000000000
    salt_cl000                      0.1355397239420709    1.000000000000000    0.000000000000000
    salt_cl001                      1.479000000000000    1.000000000000000    0.000000000000000
    salt_cl002                      0.008787838164391477    1.000000000000000    0.000000000000000
    salt_cl003                      0.001026206087748368    1.000000000000000    0.000000000000000
    salt_cl004                      0.8245834590805174    1.000000000000000    0.000000000000000
    salt_cl005                      1.547000000000000    1.000000000000000    0.000000000000000
    salt_cl006                      0.05956552550852168    1.000000000000000    0.000000000000000
    salt_cl007                      0.1001943588544858    1.000000000000000    0.000000000000000
    salt_cl008                      0.3457428574406542    1.000000000000000    0.000000000000000
    salt_cl009                      0.01190329758961982    1.000000000000000    0.000000000000000
    salt_cl010                      1.521000102992602e-06    1.000000000000000    0.000000000000000
    salt_cl011                      5.038614332114334    1.000000000000000    0.000000000000000
    salt_cl012                      110.5271054104194    1.000000000000000    0.000000000000000
    salt_cl013                      22.62502151220741    1.000000000000000    0.000000000000000
    salt_cl014                      0.007466901090049854    1.000000000000000    0.000000000000000
    salt_cl015                      137.2438924491877    1.000000000000000    0.000000000000000
    salt_cl016                      0.3864065802671013    1.000000000000000    0.000000000000000
    salt_cl017                      6.140443967001849    1.000000000000000    0.000000000000000
    salt_cl018                      55.06300000000001    1.000000000000000    0.000000000000000
    salt_cl019                      3.222603134190338    1.000000000000000    0.000000000000000
    salt_cl020                      224.1675269692560    1.000000000000000    0.000000000000000
    salt_cl021                      1.567632511934462    1.000000000000000    0.000000000000000
    salt_cl022                      5.090221341150131    1.000000000000000    0.000000000000000
    salt_cl023                      0.3114402683562940    1.000000000000000    0.000000000000000
    salt_cl024                      49.58127704238629    1.000000000000000    0.000000000000000
    salt_cl025                      30.63682974504267    1.000000000000000    0.000000000000000
    salt_cl026                      47.70856837871425    1.000000000000000    0.000000000000000
    salt_cl027                      0.03357208639909302    1.000000000000000    0.000000000000000
    salt_cl028                      259.8026092500425    1.000000000000000    0.000000000000000
    salt_cl029                      16.46989745033107    1.000000000000000    0.000000000000000
    salt_cl030                      0.07506005123756590    1.000000000000000    0.000000000000000
    salt_cl031                      226.1063697385902    1.000000000000000    0.000000000000000
    salt_cl032                      29.42094111276776    1.000000000000000    0.000000000000000
    salt_cl033                      0.006619709382926925    1.000000000000000    0.000000000000000
    salt_cl034                      751.0652861503374    1.000000000000000    0.000000000000000
    salt_cl035                      394.7570000000001    1.000000000000000    0.000000000000000
    salt_cl036                      8.059053689012842    1.000000000000000    0.000000000000000
   salt_co3000                      2.822000000000000    1.000000000000000    0.000000000000000
   salt_co3001                      0.02166186455321417    1.000000000000000    0.000000000000000
   salt_co3002                      0.1324136408737237    1.000000000000000    0.000000000000000
   salt_co3003                      0.3217540903876213    1.000000000000000    0.000000000000000
   salt_co3004                      0.2961234030083358    1.000000000000000    0.000000000000000
   salt_co3005                      3.230000000000000    1.000000000000000    0.000000000000000
   salt_co3006                      0.001558332785607590    1.000000000000000    0.000000000000000
   salt_co3007                      0.02141754718317838    1.000000000000000    0.000000000000000
   salt_co3008                      4.114000000000000    1.000000000000000    0.000000000000000
   salt_co3009                      0.1073923710664878    1.000000000000000    0.000000000000000
   salt_co3010                      1.844652739584352    1.000000000000000    0.000000000000000
   salt_co3011                      3.493739000290257    1.000000000000000    0.000000000000000
   salt_co3012                      0.07392679779132633    1.000000000000000    0.000000000000000
   salt_co3013                      4.368999999999999    1.000000000000000    0.000000000000000
   salt_co3014                      0.2218655766793431    1.000000000000000    0.000000000000000
   salt_co3015                      0.002238912771808644    1.000000000000000    0.000000000000000
   salt_co3016                      5.579987349050800    1.000000000000000    0.000000000000000
   salt_co3017                      4.553614913325563    1.000000000000000    0.000000000000000
   salt_co3018                      0.008252960745236638    1.000000000000000    0.000000000000000
   salt_co3019                      0.1374089341503792    1.000000000000000    0.000000000000000
   salt_co3020                      7.858927523119289    1.000000000000000    0.000000000000000
   salt_co3021                      7.718000000000001    1.000000000000000    0.000000000000000
   salt_co3022                      0.003395439467722051    1.000000000000000    0.000000000000000
   salt_co3023                      0.04813259903395704    1.000000000000000    0.000000000000000
   salt_co3024                      0.01460891905762575    1.000000000000000    0.000000000000000
   salt_co3025                      0.002680331440427396    1.000000000000000    0.000000000000000
   salt_co3026                      0.6026288974243502    1.000000000000000    0.000000000000000
   salt_co3027                      0.1583007954196068    1.000000000000000    0.000000000000000
   salt_co3028                      15.41405369366126    1.000000000000000    0.000000000000000
   salt_co3029                      0.01731731337673886    1.000000000000000    0.000000000000000
   salt_co3030                      9.163017000000002    1.000000000000000    0.000000000000000
   salt_co3031                      8.763682127886394    1.000000000000000    0.000000000000000
   salt_co3032                      1.214030408616812    1.000000000000000    0.000000000000000
   salt_co3033                      2.431000000000000    1.000000000000000    0.000000000000000
   salt_co3034                      4.658000000000000    1.000000000000000    0.000000000000000
   salt_co3035                      2.397000000000000    1.000000000000000    0.000000000000000
   salt_co3036                      0.002061515361639116    1.000000000000000    0.000000000000000
  salt_hco3000                      157.5816901067296    1.000000000000000    0.000000000000000
  salt_hco3001                      5.200480748269147    1.000000000000000    0.000000000000000
  salt_hco3002                      0.01770787045983785    1.000000000000000    0.000000000000000
  salt_hco3003                      0.4117104583212872    1.000000000000000    0.000000000000000
  salt_hco3004                      287.1016190809175    1.000000000000000    0.000000000000000
  salt_hco3005                      193.4471327311476    1.000000000000000    0.000000000000000
  salt_hco3006                      1.969860679811835    1.000000000000000    0.000000000000000
  salt_hco3007                      0.9901851861241368    1.000000000000000    0.000000000000000
  salt_hco3008                      0.003170515112176978    1.000000000000000    0.000000000000000
  salt_hco3009                      15.47067786601596    1.000000000000000    0.000000000000000
  salt_hco3010                      5.512965313095938    1.000000000000000    0.000000000000000
  salt_hco3011                      0.3061382059913303    1.000000000000000    0.000000000000000
  salt_hco3012                      631.0570000000002    1.000000000000000    0.000000000000000
  salt_hco3013                      410.0740000000000    1.000000000000000    0.000000000000000
  salt_hco3014                      80.27074900349179    1.000000000000000    0.000000000000000
  salt_hco3015                      0.006631714443811286    1.000000000000000    0.000000000000000
  salt_hco3016                      633.1650000000002    1.000000000000000    0.000000000000000
  salt_hco3017                      610.6400000000000    1.000000000000000    0.000000000000000
  salt_hco3018                      0.8776472983557709    1.000000000000000    0.000000000000000
  salt_hco3019                      755.1059999999999    1.000000000000000    0.000000000000000
  salt_hco3020                      701.1140000000001    1.000000000000000    0.000000000000000
  salt_hco3021                      489.8751787130673    1.000000000000000    0.000000000000000
  salt_hco3022                      146.7084285327367    1.000000000000000    0.000000000000000
  salt_hco3023                      1024.387700000000    1.000000000000000    0.000000000000000
  salt_hco3024                      66.12029598304126    1.000000000000000    0.000000000000000
  salt_hco3025                      806.5479999999999    1.000000000000000    0.000000000000000
  salt_hco3026                      631.6248559480583    1.000000000000000    0.000000000000000
  salt_hco3027                      469.3473207201316    1.000000000000000    0.000000000000000
  salt_hco3028                      424.3944243514091    1.000000000000000    0.000000000000000
  salt_hco3029                      262.6597099045020    1.000000000000000    0.000000000000000
  salt_hco3030                      0.02621018150149240    1.000000000000000    0.000000000000000
  salt_hco3031                      349.3670000000001    1.000000000000000    0.000000000000000
  salt_hco3032                      54.43625874703483    1.000000000000000    0.000000000000000
  salt_hco3033                      419.1350000000002    1.000000000000000    0.000000000000000
  salt_hco3034                      63.37079592862884    1.000000000000000    0.000000000000000
  salt_hco3035                      414.2560000000002    1.000000000000000    0.000000000000000
  salt_hco3036                      62.97901894392530    1.000000000000000    0.000000000000000
     salt_k000                      0.9908543133293251    1.000000000000000    0.000000000000000
     salt_k001                      1.034705368368975    1.000000000000000    0.000000000000000
     salt_k002                      2.074000000000000    1.000000000000000    0.000000000000000
     salt_k003                      0.4577320509736253    1.000000000000000    0.000000000000000
     salt_k004                      2.924000000000000    1.000000000000000    0.000000000000000
     salt_k005                      1.663026340305044    1.000000000000000    0.000000000000000
     salt_k006                      0.7480039026935889    1.000000000000000    0.000000000000000
     salt_k007                      2.620324645293893e-07    1.000000000000000    0.000000000000000
     salt_k008                      0.06597057521290980    1.000000000000000    0.000000000000000
     salt_k009                      0.3543635603982969    1.000000000000000    0.000000000000000
     salt_k010                      1.666000000000000    1.000000000000000    0.000000000000000
     salt_k011                      0.01307221825434320    1.000000000000000    0.000000000000000
     salt_k012                      0.9576488439568552    1.000000000000000    0.000000000000000
     salt_k013                      0.007315369469399905    1.000000000000000    0.000000000000000
     salt_k014                      0.5748955283668212    1.000000000000000    0.000000000000000
     salt_k015                      0.01467375824023772    1.000000000000000    0.000000000000000
     salt_k016                      0.01335772521177599    1.000000000000000    0.000000000000000
     salt_k017                      0.2083453753021265    1.000000000000000    0.000000000000000
     salt_k018                      2.369043549734599    1.000000000000000    0.000000000000000
     salt_k019                      1.961511463666131    1.000000000000000    0.000000000000000
     salt_k020                      2.916263894068130    1.000000000000000    0.000000000000000
     salt_k021                      0.01685190959456389    1.000000000000000    0.000000000000000
     salt_k022                      0.01653061245199461    1.000000000000000    0.000000000000000
     salt_k023                      0.3802163866706921    1.000000000000000    0.000000000000000
     salt_k024                      0.2917152378290043    1.000000000000000    0.000000000000000
     salt_k025                      0.7617488218283733    1.000000000000000    0.000000000000000
     salt_k026                      0.01720961498908947    1.000000000000000    0.000000000000000
     salt_k027                      1.479000000000000    1.000000000000000    0.000000000000000
     salt_k028                      2.584000000000000    1.000000000000000    0.000000000000000
     salt_k029                      0.1788248563906761    1.000000000000000    0.000000000000000
     salt_k030                      4.085422262869693    1.000000000000000    0.000000000000000
     salt_k031                      0.2307728731807412    1.000000000000000    0.000000000000000
     salt_k032                      3.893000000000000    1.000000000000000    0.000000000000000
     salt_k033                      2.797836021799215    1.000000000000000    0.000000000000000
     salt_k034                      0.7712815935985754    1.000000000000000    0.000000000000000
     salt_k035                      0.5794595209197397    1.000000000000000    0.000000000000000
     salt_k036                      0.2755103198165457    1.000000000000000    0.000000000000000
    salt_mg000                      2.027212572066033    1.000000000000000    0.000000000000000
    salt_mg001                      0.1034959415854309    1.000000000000000    0.000000000000000
    salt_mg002                      11.02273700799209    1.000000000000000    0.000000000000000
    salt_mg003                      0.07851462149672600    1.000000000000000    0.000000000000000
    salt_mg004                      0.6494630635597018    1.000000000000000    0.000000000000000
    salt_mg005                      3.054442514066669    1.000000000000000    0.000000000000000
    salt_mg006                      9.988278785134227    1.000000000000000    0.000000000000000
    salt_mg007                      20.69124002730847    1.000000000000000    0.000000000000000
    salt_mg008                      0.0008235356053624334    1.000000000000000    0.000000000000000
    salt_mg009                      0.04159186479559172    1.000000000000000    0.000000000000000
    salt_mg010                      0.8803415908233292    1.000000000000000    0.000000000000000
    salt_mg011                      33.88832819576574    1.000000000000000    0.000000000000000
    salt_mg012                      0.01245451609037389    1.000000000000000    0.000000000000000
    salt_mg013                      3.414804320256174    1.000000000000000    0.000000000000000
    salt_mg014                      0.1305784436629741    1.000000000000000    0.000000000000000
    salt_mg015                      1.312469374805181    1.000000000000000    0.000000000000000
    salt_mg016                      2.092633903061699    1.000000000000000    0.000000000000000
    salt_mg017                      0.01561174401872944    1.000000000000000    0.000000000000000
    salt_mg018                      1.293195143414630    1.000000000000000    0.000000000000000
    salt_mg019                      30.53614961256247    1.000000000000000    0.000000000000000
    salt_mg020                      28.91234677139035    1.000000000000000    0.000000000000000
    salt_mg021                      2.953799376282042    1.000000000000000    0.000000000000000
    salt_mg022                      22.66100000000000    1.000000000000000    0.000000000000000
    salt_mg023                      0.8899197093746903    1.000000000000000    0.000000000000000
    salt_mg024                      15.77905875311874    1.000000000000000    0.000000000000000
    salt_mg025                      14.88688230184539    1.000000000000000    0.000000000000000
    salt_mg026                      13.14101700000000    1.000000000000000    0.000000000000000
    salt_mg027                      10.64523389055019    1.000000000000000    0.000000000000000
    salt_mg028                      16.66001700000000    1.000000000000000    0.000000000000000
    salt_mg029                      0.1520211561489730    1.000000000000000    0.000000000000000
    salt_mg030                      1.015796398807219    1.000000000000000    0.000000000000000
    salt_mg031                      27.35300000000001    1.000000000000000    0.000000000000000
    salt_mg032                      0.6827351978640998    1.000000000000000    0.000000000000000
    salt_mg033                      23.58869654295918    1.000000000000000    0.000000000000000
    salt_mg034                      1.078824744933339    1.000000000000000    0.000000000000000
    salt_mg035                      6.025443467477157    1.000000000000000    0.000000000000000
    salt_mg036                      15.15878165263296    1.000000000000000    0.000000000000000
    salt_na000                      10.50601700000000    1.000000000000000    0.000000000000000
    salt_na001                      0.0008455614295918520    1.000000000000000    0.000000000000000
    salt_na002                      1.297723166290899    1.000000000000000    0.000000000000000
    salt_na003                      5.059231818393501    1.000000000000000    0.000000000000000
    salt_na004                      0.1065688853560153    1.000000000000000    0.000000000000000
    salt_na005                      1.643369406040281    1.000000000000000    0.000000000000000
    salt_na006                      12.68548921491297    1.000000000000000    0.000000000000000
    salt_na007                      29.20010593882905    1.000000000000000    0.000000000000000
    salt_na008                      3.514240075031053    1.000000000000000    0.000000000000000
    salt_na009                      3.942334329472035    1.000000000000000    0.000000000000000
    salt_na010                      1.925649961741798    1.000000000000000    0.000000000000000
    salt_na011                      0.004198664306660741    1.000000000000000    0.000000000000000
    salt_na012                      25.29227402605799    1.000000000000000    0.000000000000000
    salt_na013                      0.5613996201730947    1.000000000000000    0.000000000000000
    salt_na014                      0.4176759464019361    1.000000000000000    0.000000000000000
    salt_na015                      229.8930760739621    1.000000000000000    0.000000000000000
    salt_na016                      0.3774323923224971    1.000000000000000    0.000000000000000
    salt_na017                      70.47715251514134    1.000000000000000    0.000000000000000
    salt_na018                      292.1423410439371    1.000000000000000    0.000000000000000
    salt_na019                      4.484359643490400    1.000000000000000    0.000000000000000
    salt_na020                      22.34860012560763    1.000000000000000    0.000000000000000
    salt_na021                      6.184331367128436    1.000000000000000    0.000000000000000
    salt_na022                      0.6296832808239938    1.000000000000000    0.000000000000000
    salt_na023                      442.3488705645906    1.000000000000000    0.000000000000000
    salt_na024                      0.08555799254852842    1.000000000000000    0.000000000000000
    salt_na025                      32.84144267951643    1.000000000000000    0.000000000000000
    salt_na026                      174.5972539635785    1.000000000000000    0.000000000000000
    salt_na027                      67.50993834480879    1.000000000000000    0.000000000000000
    salt_na028                      115.1536811241298    1.000000000000000    0.000000000000000
    salt_na029                      264.0807396636837    1.000000000000000    0.000000000000000
    salt_na030                      0.009325546593339734    1.000000000000000    0.000000000000000
    salt_na031                      40.08036901869141    1.000000000000000    0.000000000000000
    salt_na032                      0.1606147127547251    1.000000000000000    0.000000000000000
    salt_na033                      378.9884926525513    1.000000000000000    0.000000000000000
    salt_na034                      1.589879466566967    1.000000000000000    0.000000000000000
    salt_na035                      255.6460000000000    1.000000000000000    0.000000000000000
    salt_na036                      8.086304539951826    1.000000000000000    0.000000000000000
   salt_so4000                      0.5533405639695866    1.000000000000000    0.000000000000000
   salt_so4001                      10.18827732270615    1.000000000000000    0.000000000000000
   salt_so4002                      732.1050000000000    1.000000000000000    0.000000000000000
   salt_so4003                      1.921716587973591    1.000000000000000    0.000000000000000
   salt_so4004                      14.76242809367137    1.000000000000000    0.000000000000000
   salt_so4005                      123.9375573352261    1.000000000000000    0.000000000000000
   salt_so4006                      661.3679999999997    1.000000000000000    0.000000000000000
   salt_so4007                      3.031520191504794    1.000000000000000    0.000000000000000
   salt_so4008                      0.001047628651405536    1.000000000000000    0.000000000000000
   salt_so4009                      2.798159407713773    1.000000000000000    0.000000000000000
   salt_so4010                      3.528816801715611    1.000000000000000    0.000000000000000
   salt_so4011                      264.9790000000000    1.000000000000000    0.000000000000000
   salt_so4012                      231.7949999999999    1.000000000000000    0.000000000000000
   salt_so4013                      128.3032031059766    1.000000000000000    0.000000000000000
   salt_so4014                      36.70140922086210    1.000000000000000    0.000000000000000
   salt_so4015                      0.002482108351812452    1.000000000000000    0.000000000000000
   salt_so4016                      144.7805247223462    1.000000000000000    0.000000000000000
   salt_so4017                      125.2253227991206    1.000000000000000    0.000000000000000
   salt_so4018                      116.9914603250096    1.000000000000000    0.000000000000000
   salt_so4019                      227.7072186684002    1.000000000000000    0.000000000000000
   salt_so4020                      1.274024007689999    1.000000000000000    0.000000000000000
   salt_so4021                      5.784606780357833    1.000000000000000    0.000000000000000
   salt_so4022                      48.39871153668201    1.000000000000000    0.000000000000000
   salt_so4023                      145.6656985090283    1.000000000000000    0.000000000000000
   salt_so4024                      88.56943098776006    1.000000000000000    0.000000000000000
   salt_so4025                      0.04426841782515147    1.000000000000000    0.000000000000000
   salt_so4026                      0.08511219052635971    1.000000000000000    0.000000000000000
   salt_so4027                      69.89486046556139    1.000000000000000    0.000000000000000
   salt_so4028                      0.005292047027662879    1.000000000000000    0.000000000000000
   salt_so4029                      196.4010000000000    1.000000000000000    0.000000000000000
   salt_so4030                      75.91778925470400    1.000000000000000    0.000000000000000
   salt_so4031                      169.3080942739279    1.000000000000000    0.000000000000000
   salt_so4032                      34.85171562716396    1.000000000000000    0.000000000000000
   salt_so4033                      16.25257364662356    1.000000000000000    0.000000000000000
   salt_so4034                      265.5769142515456    1.000000000000000    0.000000000000000
   salt_so4035                      1.013309402990681    1.000000000000000    0.000000000000000
   salt_so4036                      8.882473732625003e-06    1.000000000000000    0.000000000000000
