single point
    aquf_caco3                      1.341847444529009e-06    1.000000000000000    0.000000000000000
    aquf_caso4                      6.258066830494928e-05    1.000000000000000    0.000000000000000
    aquf_mgso4                      0.002435466889438758    1.000000000000000    0.000000000000000
   soil_caco_h                      28.30000000000000    1.000000000000000    0.000000000000000
   soil_caco_l                      14.00000000000000    1.000000000000000    0.000000000000000
   soil_caco_m                      16.60000000000000    1.000000000000000    0.000000000000000
  soil_caco_mh                      3.394744393345464    1.000000000000000    0.000000000000000
  soil_caco_ml                      15.10000000000000    1.000000000000000    0.000000000000000
   soil_caso_h                      0.4293581120393960    1.000000000000000    0.000000000000000
   soil_caso_l                      0.2790000000000000    1.000000000000000    0.000000000000000
   soil_caso_m                      1.320000000000000    1.000000000000000    0.000000000000000
  soil_caso_mh                      0.01865285226791338    1.000000000000000    0.000000000000000
  soil_caso_ml                      0.08606099172233318    1.000000000000000    0.000000000000000
           p12                      1.610000000000000    1.000000000000000    0.000000000000000
           p15                      2.000000000000000e-05    1.000000000000000    0.000000000000000
           p16                      1.450000000000000    1.000000000000000    0.000000000000000
           p17                      0.5000000000000000    1.000000000000000    0.000000000000000
           p20                      0.4000000000000000    1.000000000000000    0.000000000000000
           p23                      0.003200000000000000    1.000000000000000    0.000000000000000
           p25                      1.000000000000000e-05    1.000000000000000    0.000000000000000
           p40                      1.000000000000000    1.000000000000000    0.000000000000000
           p49                      3.170000000000000    1.000000000000000    0.000000000000000
            p5                      0.1150000000000000    1.000000000000000    0.000000000000000
           p50                      0.3000000000000000    1.000000000000000    0.000000000000000
           p51                      0.9000000000000000    1.000000000000000    0.000000000000000
           p61                      0.1150000000000000    1.000000000000000    0.000000000000000
           p90                      1.000000000000000    1.000000000000000    0.000000000000000
           p91                      0.08720000000000000    1.000000000000000    0.000000000000000
           p92                      2.000000000000000    1.000000000000000    0.000000000000000
   rivbot_rg01                      5.000000000000000    1.000000000000000   -5.000000000000000
   rivbot_rg02                      5.000000000000000    1.000000000000000   -5.000000000000000
   rivbot_rg03                      5.000000000000000    1.000000000000000   -5.000000000000000
   rivbot_rg04                      5.000000000000000    1.000000000000000   -5.000000000000000
   rivbot_rg05                      5.000000000000000    1.000000000000000   -5.000000000000000
    rivcd_rg01                      38.24563392020162    1.000000000000000   -50.00000000000000
    rivcd_rg02                      71.63833119715652    1.000000000000000   -50.00000000000000
    rivcd_rg03                      20.52457597860269    1.000000000000000   -50.00000000000000
    rivcd_rg04                      100.0000000000000    1.000000000000000   -50.00000000000000
    rivcd_rg05                      26.62430774662344    1.000000000000000   -50.00000000000000
    salt_ca000                      2.220815007989005    1.000000000000000    0.000000000000000
    salt_ca001                      0.4402153315646173    1.000000000000000    0.000000000000000
    salt_ca002                      3.393324434214956    1.000000000000000    0.000000000000000
    salt_ca003                      11.36627094999131    1.000000000000000    0.000000000000000
    salt_ca004                      52.20910625441662    1.000000000000000    0.000000000000000
    salt_ca005                      162.0752562433447    1.000000000000000    0.000000000000000
    salt_ca006                      233.8690000000000    1.000000000000000    0.000000000000000
    salt_ca007                      28.84932961412805    1.000000000000000    0.000000000000000
    salt_ca008                      253.1810000000001    1.000000000000000    0.000000000000000
    salt_ca009                      29.74325619659439    1.000000000000000    0.000000000000000
    salt_ca010                      0.003252290814183055    1.000000000000000    0.000000000000000
    salt_ca011                      8.728525800919236    1.000000000000000    0.000000000000000
    salt_ca012                      1.778878422054817    1.000000000000000    0.000000000000000
    salt_ca013                      7.066735760587650    1.000000000000000    0.000000000000000
    salt_ca014                      41.43260357131574    1.000000000000000    0.000000000000000
    salt_ca015                      2.993427273098225    1.000000000000000    0.000000000000000
    salt_ca016                      135.7621700000000    1.000000000000000    0.000000000000000
    salt_ca017                      0.004798658868911671    1.000000000000000    0.000000000000000
    salt_ca018                      85.64617000000001    1.000000000000000    0.000000000000000
    salt_ca019                      129.6931700000000    1.000000000000000    0.000000000000000
    salt_ca020                      88.23950438981026    1.000000000000000    0.000000000000000
    salt_ca021                      2.713696268612713    1.000000000000000    0.000000000000000
    salt_ca022                      0.1602794554212455    1.000000000000000    0.000000000000000
    salt_ca023                      50.52400000000000    1.000000000000000    0.000000000000000
    salt_ca024                      112.7101700000000    1.000000000000000    0.000000000000000
    salt_ca025                      56.15100000000000    1.000000000000000    0.000000000000000
    salt_ca026                      22.99053099744479    1.000000000000000    0.000000000000000
    salt_ca027                      106.6921700000001    1.000000000000000    0.000000000000000
    salt_ca028                      3.844521549662314    1.000000000000000    0.000000000000000
    salt_ca029                      15.99397111524335    1.000000000000000    0.000000000000000
    salt_ca030                      212.8230000000000    1.000000000000000    0.000000000000000
    salt_ca031                      276.7940000000000    1.000000000000000    0.000000000000000
    salt_ca032                      0.04757975476051569    1.000000000000000    0.000000000000000
    salt_ca033                      193.7829999999999    1.000000000000000    0.000000000000000
    salt_ca034                      2.062221411534906    1.000000000000000    0.000000000000000
    salt_ca035                      192.4230000000000    1.000000000000000    0.000000000000000
    salt_ca036                      3.136927736399594    1.000000000000000    0.000000000000000
    salt_cl000                      0.01345998596955273    1.000000000000000    0.000000000000000
    salt_cl001                      1.479000000000000    1.000000000000000    0.000000000000000
    salt_cl002                      2.074000000000000    1.000000000000000    0.000000000000000
    salt_cl003                      0.02916753187105989    1.000000000000000    0.000000000000000
    salt_cl004                      2.346000000000000    1.000000000000000    0.000000000000000
    salt_cl005                      0.4796337709468009    1.000000000000000    0.000000000000000
    salt_cl006                      2.106186460493470    1.000000000000000    0.000000000000000
    salt_cl007                      40.75195294086748    1.000000000000000    0.000000000000000
    salt_cl008                      0.1216665995424806    1.000000000000000    0.000000000000000
    salt_cl009                      0.008034205334465807    1.000000000000000    0.000000000000000
    salt_cl010                      5.093567494366104e-06    1.000000000000000    0.000000000000000
    salt_cl011                      136.9011700000000    1.000000000000000    0.000000000000000
    salt_cl012                      15.95695102419504    1.000000000000000    0.000000000000000
    salt_cl013                      83.07900000000001    1.000000000000000    0.000000000000000
    salt_cl014                      0.08798240542397626    1.000000000000000    0.000000000000000
    salt_cl015                      125.3853843079320    1.000000000000000    0.000000000000000
    salt_cl016                      0.4189345130457396    1.000000000000000    0.000000000000000
    salt_cl017                      0.4343067904094979    1.000000000000000    0.000000000000000
    salt_cl018                      42.34904406511032    1.000000000000000    0.000000000000000
    salt_cl019                      8.543285817260196    1.000000000000000    0.000000000000000
    salt_cl020                      236.5550000000000    1.000000000000000    0.000000000000000
    salt_cl021                      0.8633588492748696    1.000000000000000    0.000000000000000
    salt_cl022                      19.36378371528439    1.000000000000000    0.000000000000000
    salt_cl023                      3.110582213004641    1.000000000000000    0.000000000000000
    salt_cl024                      82.31399999999999    1.000000000000000    0.000000000000000
    salt_cl025                      50.09900000000000    1.000000000000000    0.000000000000000
    salt_cl026                      51.37400000000000    1.000000000000000    0.000000000000000
    salt_cl027                      0.03455527427675422    1.000000000000000    0.000000000000000
    salt_cl028                      555.9680000000002    1.000000000000000    0.000000000000000
    salt_cl029                      189.7200000000001    1.000000000000000    0.000000000000000
    salt_cl030                      0.2062785566541346    1.000000000000000    0.000000000000000
    salt_cl031                      173.8999767025873    1.000000000000000    0.000000000000000
    salt_cl032                      215.2319136259350    1.000000000000000    0.000000000000000
    salt_cl033                      1.612982240464590    1.000000000000000    0.000000000000000
    salt_cl034                      937.5687000000003    1.000000000000000    0.000000000000000
    salt_cl035                      394.7570000000001    1.000000000000000    0.000000000000000
    salt_cl036                      420.2740000000000    1.000000000000000    0.000000000000000
   salt_co3000                      0.3206032550135824    1.000000000000000    0.000000000000000
   salt_co3001                      0.1672921037700537    1.000000000000000    0.000000000000000
   salt_co3002                      1.428000000000000    1.000000000000000    0.000000000000000
   salt_co3003                      0.5002932442782754    1.000000000000000    0.000000000000000
   salt_co3004                      3.723000000000000    1.000000000000000    0.000000000000000
   salt_co3005                      1.816060720185441    1.000000000000000    0.000000000000000
   salt_co3006                      0.0002927071403660006    1.000000000000000    0.000000000000000
   salt_co3007                      0.3909456808902967    1.000000000000000    0.000000000000000
   salt_co3008                      0.3908572159295839    1.000000000000000    0.000000000000000
   salt_co3009                      0.05459414016206356    1.000000000000000    0.000000000000000
   salt_co3010                      3.689000000000000    1.000000000000000    0.000000000000000
   salt_co3011                      4.641000000000001    1.000000000000000    0.000000000000000
   salt_co3012                      0.1818919772265337    1.000000000000000    0.000000000000000
   salt_co3013                      4.368999999999999    1.000000000000000    0.000000000000000
   salt_co3014                      1.337977911074599    1.000000000000000    0.000000000000000
   salt_co3015                      0.7251447593553562    1.000000000000000    0.000000000000000
   salt_co3016                      9.639017000000001    1.000000000000000    0.000000000000000
   salt_co3017                      0.4798440499049065    1.000000000000000    0.000000000000000
   salt_co3018                      0.1193064505589408    1.000000000000000    0.000000000000000
   salt_co3019                      4.980999999999999    1.000000000000000    0.000000000000000
   salt_co3020                      8.330000000000000    1.000000000000000    0.000000000000000
   salt_co3021                      7.718000000000001    1.000000000000000    0.000000000000000
   salt_co3022                      0.04548339034542079    1.000000000000000    0.000000000000000
   salt_co3023                      0.2004930052465657    1.000000000000000    0.000000000000000
   salt_co3024                      0.03591676794617554    1.000000000000000    0.000000000000000
   salt_co3025                      0.006506973583567447    1.000000000000000    0.000000000000000
   salt_co3026                      0.5763856558085955    1.000000000000000    0.000000000000000
   salt_co3027                      0.2364223860412663    1.000000000000000    0.000000000000000
   salt_co3028                      21.94700000000000    1.000000000000000    0.000000000000000
   salt_co3029                      0.06876658680279353    1.000000000000000    0.000000000000000
   salt_co3030                      3.693951858295044    1.000000000000000    0.000000000000000
   salt_co3031                      8.654578343945316    1.000000000000000    0.000000000000000
   salt_co3032                      4.709000000000000    1.000000000000000    0.000000000000000
   salt_co3033                      2.431000000000000    1.000000000000000    0.000000000000000
   salt_co3034                      4.658000000000000    1.000000000000000    0.000000000000000
   salt_co3035                      2.397000000000000    1.000000000000000    0.000000000000000
   salt_co3036                      0.07209833059341890    1.000000000000000    0.000000000000000
  salt_hco3000                      227.2590265966222    1.000000000000000    0.000000000000000
  salt_hco3001                      219.2150000000001    1.000000000000000    0.000000000000000
  salt_hco3002                      1.416340412997330    1.000000000000000    0.000000000000000
  salt_hco3003                      1.658603008723823    1.000000000000000    0.000000000000000
  salt_hco3004                      317.6620000000000    1.000000000000000    0.000000000000000
  salt_hco3005                      97.43758603756578    1.000000000000000    0.000000000000000
  salt_hco3006                      0.6260340514036532    1.000000000000000    0.000000000000000
  salt_hco3007                      6.283970070474809    1.000000000000000    0.000000000000000
  salt_hco3008                      0.03067624401397252    1.000000000000000    0.000000000000000
  salt_hco3009                      347.0210000000001    1.000000000000000    0.000000000000000
  salt_hco3010                      66.03346410581099    1.000000000000000    0.000000000000000
  salt_hco3011                      4.472689077319835    1.000000000000000    0.000000000000000
  salt_hco3012                      631.0570000000002    1.000000000000000    0.000000000000000
  salt_hco3013                      147.5823075952927    1.000000000000000    0.000000000000000
  salt_hco3014                      386.1890000000001    1.000000000000000    0.000000000000000
  salt_hco3015                      3.276772106146769    1.000000000000000    0.000000000000000
  salt_hco3016                      614.5419912190193    1.000000000000000    0.000000000000000
  salt_hco3017                      610.6400000000000    1.000000000000000    0.000000000000000
  salt_hco3018                      24.84839769535998    1.000000000000000    0.000000000000000
  salt_hco3019                      755.1059999999999    1.000000000000000    0.000000000000000
  salt_hco3020                      132.6440658617270    1.000000000000000    0.000000000000000
  salt_hco3021                      501.0069999999999    1.000000000000000    0.000000000000000
  salt_hco3022                      878.5616999999997    1.000000000000000    0.000000000000000
  salt_hco3023                      1024.387700000000    1.000000000000000    0.000000000000000
  salt_hco3024                      7.934293586639312    1.000000000000000    0.000000000000000
  salt_hco3025                      806.5479999999999    1.000000000000000    0.000000000000000
  salt_hco3026                      705.0749999999997    1.000000000000000    0.000000000000000
  salt_hco3027                      508.4700000000001    1.000000000000000    0.000000000000000
  salt_hco3028                      558.6880000000002    1.000000000000000    0.000000000000000
  salt_hco3029                      426.8190000000001    1.000000000000000    0.000000000000000
  salt_hco3030                      0.2142602058867829    1.000000000000000    0.000000000000000
  salt_hco3031                      4.905296653299996    1.000000000000000    0.000000000000000
  salt_hco3032                      393.2270000000000    1.000000000000000    0.000000000000000
  salt_hco3033                      419.1350000000002    1.000000000000000    0.000000000000000
  salt_hco3034                      410.1590000000000    1.000000000000000    0.000000000000000
  salt_hco3035                      414.2560000000002    1.000000000000000    0.000000000000000
  salt_hco3036                      358.3430000000002    1.000000000000000    0.000000000000000
     salt_k000                      1.237912028095176    1.000000000000000    0.000000000000000
     salt_k001                      1.719384783430839    1.000000000000000    0.000000000000000
     salt_k002                      2.074000000000000    1.000000000000000    0.000000000000000
     salt_k003                      0.9003372073873195    1.000000000000000    0.000000000000000
     salt_k004                      0.1508189021338810    1.000000000000000    0.000000000000000
     salt_k005                      0.1649033338912757    1.000000000000000    0.000000000000000
     salt_k006                      1.751000000000000    1.000000000000000    0.000000000000000
     salt_k007                      4.287441998483354e-05    1.000000000000000    0.000000000000000
     salt_k008                      0.01115179831988205    1.000000000000000    0.000000000000000
     salt_k009                      2.108000000000000    1.000000000000000    0.000000000000000
     salt_k010                      1.666000000000000    1.000000000000000    0.000000000000000
     salt_k011                      0.1624037938911796    1.000000000000000    0.000000000000000
     salt_k012                      2.208114245953111    1.000000000000000    0.000000000000000
     salt_k013                      0.1296009150667641    1.000000000000000    0.000000000000000
     salt_k014                      0.1807934846099947    1.000000000000000    0.000000000000000
     salt_k015                      0.02328232306259045    1.000000000000000    0.000000000000000
     salt_k016                      0.02448373004079733    1.000000000000000    0.000000000000000
     salt_k017                      2.890000000000000    1.000000000000000    0.000000000000000
     salt_k018                      2.947865811912314    1.000000000000000    0.000000000000000
     salt_k019                      5.406000000000000    1.000000000000000    0.000000000000000
     salt_k020                      4.590000000000000    1.000000000000000    0.000000000000000
     salt_k021                      0.2710923571466423    1.000000000000000    0.000000000000000
     salt_k022                      0.06174289910522052    1.000000000000000    0.000000000000000
     salt_k023                      3.196000000000000    1.000000000000000    0.000000000000000
     salt_k024                      0.1711572348677856    1.000000000000000    0.000000000000000
     salt_k025                      2.601000000000000    1.000000000000000    0.000000000000000
     salt_k026                      0.2475472314835351    1.000000000000000    0.000000000000000
     salt_k027                      1.479000000000000    1.000000000000000    0.000000000000000
     salt_k028                      2.584000000000000    1.000000000000000    0.000000000000000
     salt_k029                      1.243335859082421    1.000000000000000    0.000000000000000
     salt_k030                      4.284000000000000    1.000000000000000    0.000000000000000
     salt_k031                      0.1766751744223632    1.000000000000000    0.000000000000000
     salt_k032                      3.893000000000000    1.000000000000000    0.000000000000000
     salt_k033                      0.2305619919617130    1.000000000000000    0.000000000000000
     salt_k034                      4.368999999999999    1.000000000000000    0.000000000000000
     salt_k035                      0.7553628162452841    1.000000000000000    0.000000000000000
     salt_k036                      3.961000000000000    1.000000000000000    0.000000000000000
    salt_mg000                      13.31169653816987    1.000000000000000    0.000000000000000
    salt_mg001                      26.23100000000000    1.000000000000000    0.000000000000000
    salt_mg002                      0.6090160649744009    1.000000000000000    0.000000000000000
    salt_mg003                      0.02501981347786865    1.000000000000000    0.000000000000000
    salt_mg004                      0.8107723911452887    1.000000000000000    0.000000000000000
    salt_mg005                      23.73200000000000    1.000000000000000    0.000000000000000
    salt_mg006                      0.2496074749608417    1.000000000000000    0.000000000000000
    salt_mg007                      54.77400000000001    1.000000000000000    0.000000000000000
    salt_mg008                      0.002073039568523297    1.000000000000000    0.000000000000000
    salt_mg009                      0.005725222080318493    1.000000000000000    0.000000000000000
    salt_mg010                      17.28900000000000    1.000000000000000    0.000000000000000
    salt_mg011                      42.78900000000001    1.000000000000000    0.000000000000000
    salt_mg012                      0.6915665984408226    1.000000000000000    0.000000000000000
    salt_mg013                      1.295566892133826    1.000000000000000    0.000000000000000
    salt_mg014                      0.1681024618400773    1.000000000000000    0.000000000000000
    salt_mg015                      46.74999999999999    1.000000000000000    0.000000000000000
    salt_mg016                      30.82100000000001    1.000000000000000    0.000000000000000
    salt_mg017                      0.1107483349929344    1.000000000000000    0.000000000000000
    salt_mg018                      11.43826589215332    1.000000000000000    0.000000000000000
    salt_mg019                      42.97600000000000    1.000000000000000    0.000000000000000
    salt_mg020                      48.60299999999999    1.000000000000000    0.000000000000000
    salt_mg021                      0.4859510935765072    1.000000000000000    0.000000000000000
    salt_mg022                      0.3523576393522677    1.000000000000000    0.000000000000000
    salt_mg023                      0.2741595129627376    1.000000000000000    0.000000000000000
    salt_mg024                      7.646344563311934    1.000000000000000    0.000000000000000
    salt_mg025                      16.33701700000000    1.000000000000000    0.000000000000000
    salt_mg026                      13.14101700000000    1.000000000000000    0.000000000000000
    salt_mg027                      0.6376802435167291    1.000000000000000    0.000000000000000
    salt_mg028                      16.66001700000000    1.000000000000000    0.000000000000000
    salt_mg029                      0.1065742976898338    1.000000000000000    0.000000000000000
    salt_mg030                      5.819092161176739    1.000000000000000    0.000000000000000
    salt_mg031                      27.35300000000001    1.000000000000000    0.000000000000000
    salt_mg032                      0.7234458574213196    1.000000000000000    0.000000000000000
    salt_mg033                      32.48700000000000    1.000000000000000    0.000000000000000
    salt_mg034                      3.918275157922592    1.000000000000000    0.000000000000000
    salt_mg035                      14.78173995831182    1.000000000000000    0.000000000000000
    salt_mg036                      31.48400000000000    1.000000000000000    0.000000000000000
    salt_na000                      10.50601700000000    1.000000000000000    0.000000000000000
    salt_na001                      0.004961866930685167    1.000000000000000    0.000000000000000
    salt_na002                      4.119195057444440    1.000000000000000    0.000000000000000
    salt_na003                      3.287543101574765    1.000000000000000    0.000000000000000
    salt_na004                      5.207139978216113    1.000000000000000    0.000000000000000
    salt_na005                      11.11801700000000    1.000000000000000    0.000000000000000
    salt_na006                      2.550044562109176    1.000000000000000    0.000000000000000
    salt_na007                      231.9990000000001    1.000000000000000    0.000000000000000
    salt_na008                      97.80116999999998    1.000000000000000    0.000000000000000
    salt_na009                      12.10401700000000    1.000000000000000    0.000000000000000
    salt_na010                      3.229051450602325    1.000000000000000    0.000000000000000
    salt_na011                      0.01041946732623383    1.000000000000000    0.000000000000000
    salt_na012                      7.543508115753578    1.000000000000000    0.000000000000000
    salt_na013                      0.2649802414795547    1.000000000000000    0.000000000000000
    salt_na014                      6.218612448221988    1.000000000000000    0.000000000000000
    salt_na015                      55.24875980413611    1.000000000000000    0.000000000000000
    salt_na016                      12.00981458896653    1.000000000000000    0.000000000000000
    salt_na017                      83.84399999999998    1.000000000000000    0.000000000000000
    salt_na018                      15.37409315274118    1.000000000000000    0.000000000000000
    salt_na019                      16.32035725993724    1.000000000000000    0.000000000000000
    salt_na020                      10.80667357809397    1.000000000000000    0.000000000000000
    salt_na021                      18.49214009179042    1.000000000000000    0.000000000000000
    salt_na022                      1.427290476157396    1.000000000000000    0.000000000000000
    salt_na023                      455.5830000000001    1.000000000000000    0.000000000000000
    salt_na024                      0.3867497805290473    1.000000000000000    0.000000000000000
    salt_na025                      1.041240540123204    1.000000000000000    0.000000000000000
    salt_na026                      251.4130000000001    1.000000000000000    0.000000000000000
    salt_na027                      94.50317000000003    1.000000000000000    0.000000000000000
    salt_na028                      48.48085062857502    1.000000000000000    0.000000000000000
    salt_na029                      291.2949999999999    1.000000000000000    0.000000000000000
    salt_na030                      0.2300285152164673    1.000000000000000    0.000000000000000
    salt_na031                      19.77650139059436    1.000000000000000    0.000000000000000
    salt_na032                      32.86346681368190    1.000000000000000    0.000000000000000
    salt_na033                      384.1320000000002    1.000000000000000    0.000000000000000
    salt_na034                      25.74891010686393    1.000000000000000    0.000000000000000
    salt_na035                      172.6552816890724    1.000000000000000    0.000000000000000
    salt_na036                      5.752044115320350    1.000000000000000    0.000000000000000
   salt_so4000                      14.42792930292983    1.000000000000000    0.000000000000000
   salt_so4001                      889.2377000000001    1.000000000000000    0.000000000000000
   salt_so4002                      732.1050000000000    1.000000000000000    0.000000000000000
   salt_so4003                      238.6780710216144    1.000000000000000    0.000000000000000
   salt_so4004                      692.5119999999999    1.000000000000000    0.000000000000000
   salt_so4005                      46.74536365354654    1.000000000000000    0.000000000000000
   salt_so4006                      661.3679999999997    1.000000000000000    0.000000000000000
   salt_so4007                      56.05830422726635    1.000000000000000    0.000000000000000
   salt_so4008                      0.003601316222200163    1.000000000000000    0.000000000000000
   salt_so4009                      22.03887857857639    1.000000000000000    0.000000000000000
   salt_so4010                      354.8939746650432    1.000000000000000    0.000000000000000
   salt_so4011                      264.9790000000000    1.000000000000000    0.000000000000000
   salt_so4012                      231.7949999999999    1.000000000000000    0.000000000000000
   salt_so4013                      20.80139512475472    1.000000000000000    0.000000000000000
   salt_so4014                      334.6960000000001    1.000000000000000    0.000000000000000
   salt_so4015                      66.68611701739462    1.000000000000000    0.000000000000000
   salt_so4016                      162.7411700000001    1.000000000000000    0.000000000000000
   salt_so4017                      125.7321700000000    1.000000000000000    0.000000000000000
   salt_so4018                      209.9330000000001    1.000000000000000    0.000000000000000
   salt_so4019                      258.9440000000000    1.000000000000000    0.000000000000000
   salt_so4020                      10.67563808809473    1.000000000000000    0.000000000000000
   salt_so4021                      4.209542263821313    1.000000000000000    0.000000000000000
   salt_so4022                      155.9751699999999    1.000000000000000    0.000000000000000
   salt_so4023                      159.2901700000000    1.000000000000000    0.000000000000000
   salt_so4024                      130.0501700000000    1.000000000000000    0.000000000000000
   salt_so4025                      0.1470855529677488    1.000000000000000    0.000000000000000
   salt_so4026                      3.789109485062741    1.000000000000000    0.000000000000000
   salt_so4027                      76.17291374415257    1.000000000000000    0.000000000000000
   salt_so4028                      0.1106831657958391    1.000000000000000    0.000000000000000
   salt_so4029                      196.4010000000000    1.000000000000000    0.000000000000000
   salt_so4030                      399.5170000000001    1.000000000000000    0.000000000000000
   salt_so4031                      311.8310000000000    1.000000000000000    0.000000000000000
   salt_so4032                      52.49216347415329    1.000000000000000    0.000000000000000
   salt_so4033                      18.70190619638793    1.000000000000000    0.000000000000000
   salt_so4034                      47.99596664895943    1.000000000000000    0.000000000000000
   salt_so4035                      2.780908166285412    1.000000000000000    0.000000000000000
   salt_so4036                      0.02928987900989465    1.000000000000000    0.000000000000000
