single point
    aquf_caco3                      0.0003672843132660474    1.000000000000000    0.000000000000000
    aquf_caso4                      0.005970597349679566    1.000000000000000    0.000000000000000
    aquf_mgso4                      0.08065824059952509    1.000000000000000    0.000000000000000
   soil_caco_h                      23.10336959003739    1.000000000000000    0.000000000000000
   soil_caco_l                      13.70552573326021    1.000000000000000    0.000000000000000
   soil_caco_m                      16.60000000000000    1.000000000000000    0.000000000000000
  soil_caco_mh                      0.9160234824440898    1.000000000000000    0.000000000000000
  soil_caco_ml                      5.609791294591999    1.000000000000000    0.000000000000000
   soil_caso_h                      0.1130721827290533    1.000000000000000    0.000000000000000
   soil_caso_l                      0.2374098707448661    1.000000000000000    0.000000000000000
   soil_caso_m                      0.7833099234254339    1.000000000000000    0.000000000000000
  soil_caso_mh                      0.3646219536338556    1.000000000000000    0.000000000000000
  soil_caso_ml                      0.07239242555595661    1.000000000000000    0.000000000000000
           p12                      1.610000000000000    1.000000000000000    0.000000000000000
           p15                      2.000000000000000e-05    1.000000000000000    0.000000000000000
           p16                      1.450000000000000    1.000000000000000    0.000000000000000
           p17                      0.5000000000000000    1.000000000000000    0.000000000000000
           p20                      0.4000000000000000    1.000000000000000    0.000000000000000
           p23                      0.003200000000000000    1.000000000000000    0.000000000000000
           p25                      1.000000000000000e-05    1.000000000000000    0.000000000000000
           p40                      1.000000000000000    1.000000000000000    0.000000000000000
           p49                      3.170000000000000    1.000000000000000    0.000000000000000
            p5                      0.1150000000000000    1.000000000000000    0.000000000000000
           p50                      0.3000000000000000    1.000000000000000    0.000000000000000
           p51                      0.9000000000000000    1.000000000000000    0.000000000000000
           p61                      0.1150000000000000    1.000000000000000    0.000000000000000
           p90                      1.000000000000000    1.000000000000000    0.000000000000000
           p91                      0.08720000000000000    1.000000000000000    0.000000000000000
           p92                      2.000000000000000    1.000000000000000    0.000000000000000
   rivbot_rg01                      5.000000000000000    1.000000000000000   -5.000000000000000
   rivbot_rg02                      5.000000000000000    1.000000000000000   -5.000000000000000
   rivbot_rg03                      5.000000000000000    1.000000000000000   -5.000000000000000
   rivbot_rg04                      5.000000000000000    1.000000000000000   -5.000000000000000
   rivbot_rg05                      5.000000000000000    1.000000000000000   -5.000000000000000
    rivcd_rg01                      14.75571553400261    1.000000000000000   -50.00000000000000
    rivcd_rg02                      100.0000000000000    1.000000000000000   -50.00000000000000
    rivcd_rg03                      8.588889597765387    1.000000000000000   -50.00000000000000
    rivcd_rg04                      86.68112783745100    1.000000000000000   -50.00000000000000
    rivcd_rg05                      90.32070346300330    1.000000000000000   -50.00000000000000
    salt_ca000                      1.312847384580298    1.000000000000000    0.000000000000000
    salt_ca001                      0.05947607586765290    1.000000000000000    0.000000000000000
    salt_ca002                      17.80181273813860    1.000000000000000    0.000000000000000
    salt_ca003                      251.4980000000001    1.000000000000000    0.000000000000000
    salt_ca004                      6.480958257861121    1.000000000000000    0.000000000000000
    salt_ca005                      11.37158116889199    1.000000000000000    0.000000000000000
    salt_ca006                      233.8690000000000    1.000000000000000    0.000000000000000
    salt_ca007                      87.69464337853546    1.000000000000000    0.000000000000000
    salt_ca008                      11.21728475447322    1.000000000000000    0.000000000000000
    salt_ca009                      10.05104513398824    1.000000000000000    0.000000000000000
    salt_ca010                      0.7081598168174409    1.000000000000000    0.000000000000000
    salt_ca011                      0.9652137685317105    1.000000000000000    0.000000000000000
    salt_ca012                      140.3181700000000    1.000000000000000    0.000000000000000
    salt_ca013                      3.824491085293865    1.000000000000000    0.000000000000000
    salt_ca014                      38.29601859304522    1.000000000000000    0.000000000000000
    salt_ca015                      1.575525110710885    1.000000000000000    0.000000000000000
    salt_ca016                      134.2284018139934    1.000000000000000    0.000000000000000
    salt_ca017                      0.01416887897042194    1.000000000000000    0.000000000000000
    salt_ca018                      69.81188297178871    1.000000000000000    0.000000000000000
    salt_ca019                      46.96917038651136    1.000000000000000    0.000000000000000
    salt_ca020                      21.90358387303840    1.000000000000000    0.000000000000000
    salt_ca021                      0.7039506257415521    1.000000000000000    0.000000000000000
    salt_ca022                      10.51789168705309    1.000000000000000    0.000000000000000
    salt_ca023                      6.576851726057558    1.000000000000000    0.000000000000000
    salt_ca024                      112.7101700000000    1.000000000000000    0.000000000000000
    salt_ca025                      9.826746924694501    1.000000000000000    0.000000000000000
    salt_ca026                      0.1390783832220409    1.000000000000000    0.000000000000000
    salt_ca027                      106.6921700000001    1.000000000000000    0.000000000000000
    salt_ca028                      2.161307541702214    1.000000000000000    0.000000000000000
    salt_ca029                      0.4973827555432503    1.000000000000000    0.000000000000000
    salt_ca030                      202.7694086326332    1.000000000000000    0.000000000000000
    salt_ca031                      251.6853609263609    1.000000000000000    0.000000000000000
    salt_ca032                      0.001488033024164362    1.000000000000000    0.000000000000000
    salt_ca033                      188.1229159720024    1.000000000000000    0.000000000000000
    salt_ca034                      5.714116404528047    1.000000000000000    0.000000000000000
    salt_ca035                      192.4230000000000    1.000000000000000    0.000000000000000
    salt_ca036                      0.6447213851376467    1.000000000000000    0.000000000000000
    salt_cl000                      0.1667464608958599    1.000000000000000    0.000000000000000
    salt_cl001                      1.479000000000000    1.000000000000000    0.000000000000000
    salt_cl002                      0.006514009708645878    1.000000000000000    0.000000000000000
    salt_cl003                      0.0006763717059491095    1.000000000000000    0.000000000000000
    salt_cl004                      0.9939092673695297    1.000000000000000    0.000000000000000
    salt_cl005                      1.496278426137508    1.000000000000000    0.000000000000000
    salt_cl006                      0.04449622979821727    1.000000000000000    0.000000000000000
    salt_cl007                      0.08214748988162619    1.000000000000000    0.000000000000000
    salt_cl008                      0.4620676608497138    1.000000000000000    0.000000000000000
    salt_cl009                      0.01081483172290843    1.000000000000000    0.000000000000000
    salt_cl010                      1.738324374170042e-06    1.000000000000000    0.000000000000000
    salt_cl011                      4.478985708165401    1.000000000000000    0.000000000000000
    salt_cl012                      58.74554390696569    1.000000000000000    0.000000000000000
    salt_cl013                      24.59304967289843    1.000000000000000    0.000000000000000
    salt_cl014                      0.01245104049177787    1.000000000000000    0.000000000000000
    salt_cl015                      164.7301699999999    1.000000000000000    0.000000000000000
    salt_cl016                      0.6648651721343106    1.000000000000000    0.000000000000000
    salt_cl017                      5.386072677844403    1.000000000000000    0.000000000000000
    salt_cl018                      55.06300000000001    1.000000000000000    0.000000000000000
    salt_cl019                      2.454274441679390    1.000000000000000    0.000000000000000
    salt_cl020                      179.8177436357078    1.000000000000000    0.000000000000000
    salt_cl021                      1.656048434377930    1.000000000000000    0.000000000000000
    salt_cl022                      4.122850696466396    1.000000000000000    0.000000000000000
    salt_cl023                      0.3370431450404011    1.000000000000000    0.000000000000000
    salt_cl024                      60.62362771475276    1.000000000000000    0.000000000000000
    salt_cl025                      31.21470262144033    1.000000000000000    0.000000000000000
    salt_cl026                      51.37400000000000    1.000000000000000    0.000000000000000
    salt_cl027                      0.04417113865558515    1.000000000000000    0.000000000000000
    salt_cl028                      400.8753558040906    1.000000000000000    0.000000000000000
    salt_cl029                      10.72852760667618    1.000000000000000    0.000000000000000
    salt_cl030                      0.1072170205573142    1.000000000000000    0.000000000000000
    salt_cl031                      303.2627336529896    1.000000000000000    0.000000000000000
    salt_cl032                      29.19879801849736    1.000000000000000    0.000000000000000
    salt_cl033                      0.006571830161521697    1.000000000000000    0.000000000000000
    salt_cl034                      825.9084111060040    1.000000000000000    0.000000000000000
    salt_cl035                      394.7570000000001    1.000000000000000    0.000000000000000
    salt_cl036                      6.717050092482778    1.000000000000000    0.000000000000000
   salt_co3000                      2.822000000000000    1.000000000000000    0.000000000000000
   salt_co3001                      0.03949750286237979    1.000000000000000    0.000000000000000
   salt_co3002                      0.1566438339215116    1.000000000000000    0.000000000000000
   salt_co3003                      0.5738990320228605    1.000000000000000    0.000000000000000
   salt_co3004                      0.4706399737071341    1.000000000000000    0.000000000000000
   salt_co3005                      3.230000000000000    1.000000000000000    0.000000000000000
   salt_co3006                      0.0006616903276662773    1.000000000000000    0.000000000000000
   salt_co3007                      0.02860180101075083    1.000000000000000    0.000000000000000
   salt_co3008                      3.334097006255589    1.000000000000000    0.000000000000000
   salt_co3009                      0.1383872014049015    1.000000000000000    0.000000000000000
   salt_co3010                      2.235579447417346    1.000000000000000    0.000000000000000
   salt_co3011                      3.517797007257168    1.000000000000000    0.000000000000000
   salt_co3012                      0.1148840418085873    1.000000000000000    0.000000000000000
   salt_co3013                      3.655355562961297    1.000000000000000    0.000000000000000
   salt_co3014                      0.2019004596794200    1.000000000000000    0.000000000000000
   salt_co3015                      0.002236342619050167    1.000000000000000    0.000000000000000
   salt_co3016                      6.241292350316778    1.000000000000000    0.000000000000000
   salt_co3017                      4.589478494233586    1.000000000000000    0.000000000000000
   salt_co3018                      0.009332387217013779    1.000000000000000    0.000000000000000
   salt_co3019                      0.2843227446906751    1.000000000000000    0.000000000000000
   salt_co3020                      8.330000000000000    1.000000000000000    0.000000000000000
   salt_co3021                      7.718000000000001    1.000000000000000    0.000000000000000
   salt_co3022                      0.004070216250374873    1.000000000000000    0.000000000000000
   salt_co3023                      0.02842468479915056    1.000000000000000    0.000000000000000
   salt_co3024                      0.01024613717337268    1.000000000000000    0.000000000000000
   salt_co3025                      0.001509655314723194    1.000000000000000    0.000000000000000
   salt_co3026                      0.8778625316354639    1.000000000000000    0.000000000000000
   salt_co3027                      0.2746325567917912    1.000000000000000    0.000000000000000
   salt_co3028                      19.15251542588941    1.000000000000000    0.000000000000000
   salt_co3029                      0.02335998859682704    1.000000000000000    0.000000000000000
   salt_co3030                      9.163017000000002    1.000000000000000    0.000000000000000
   salt_co3031                      7.231360099225376    1.000000000000000    0.000000000000000
   salt_co3032                      0.8326087229087953    1.000000000000000    0.000000000000000
   salt_co3033                      2.375847724499138    1.000000000000000    0.000000000000000
   salt_co3034                      4.658000000000000    1.000000000000000    0.000000000000000
   salt_co3035                      2.301676664124097    1.000000000000000    0.000000000000000
   salt_co3036                      0.002763517934931932    1.000000000000000    0.000000000000000
  salt_hco3000                      189.9463909266593    1.000000000000000    0.000000000000000
  salt_hco3001                      4.090893214129646    1.000000000000000    0.000000000000000
  salt_hco3002                      0.02220321415656087    1.000000000000000    0.000000000000000
  salt_hco3003                      0.7075043170440793    1.000000000000000    0.000000000000000
  salt_hco3004                      285.3071709465266    1.000000000000000    0.000000000000000
  salt_hco3005                      155.3964372772728    1.000000000000000    0.000000000000000
  salt_hco3006                      2.561836409637583    1.000000000000000    0.000000000000000
  salt_hco3007                      1.021482827884936    1.000000000000000    0.000000000000000
  salt_hco3008                      0.003556771437298866    1.000000000000000    0.000000000000000
  salt_hco3009                      23.14422340524621    1.000000000000000    0.000000000000000
  salt_hco3010                      2.407127298126297    1.000000000000000    0.000000000000000
  salt_hco3011                      0.6198875731298297    1.000000000000000    0.000000000000000
  salt_hco3012                      582.1757772958946    1.000000000000000    0.000000000000000
  salt_hco3013                      335.0913193456873    1.000000000000000    0.000000000000000
  salt_hco3014                      105.5266429117019    1.000000000000000    0.000000000000000
  salt_hco3015                      0.004412604746579557    1.000000000000000    0.000000000000000
  salt_hco3016                      633.1650000000002    1.000000000000000    0.000000000000000
  salt_hco3017                      610.6400000000000    1.000000000000000    0.000000000000000
  salt_hco3018                      0.5765513297782101    1.000000000000000    0.000000000000000
  salt_hco3019                      755.1059999999999    1.000000000000000    0.000000000000000
  salt_hco3020                      701.1140000000001    1.000000000000000    0.000000000000000
  salt_hco3021                      501.0069999999999    1.000000000000000    0.000000000000000
  salt_hco3022                      119.5466655707343    1.000000000000000    0.000000000000000
  salt_hco3023                      1024.387700000000    1.000000000000000    0.000000000000000
  salt_hco3024                      79.64094629761499    1.000000000000000    0.000000000000000
  salt_hco3025                      806.5479999999999    1.000000000000000    0.000000000000000
  salt_hco3026                      705.0749999999997    1.000000000000000    0.000000000000000
  salt_hco3027                      486.3867022337625    1.000000000000000    0.000000000000000
  salt_hco3028                      477.1326838812575    1.000000000000000    0.000000000000000
  salt_hco3029                      426.8190000000001    1.000000000000000    0.000000000000000
  salt_hco3030                      0.01969660845279532    1.000000000000000    0.000000000000000
  salt_hco3031                      290.8161995908896    1.000000000000000    0.000000000000000
  salt_hco3032                      73.38579702141035    1.000000000000000    0.000000000000000
  salt_hco3033                      378.1125051153564    1.000000000000000    0.000000000000000
  salt_hco3034                      69.75716374172009    1.000000000000000    0.000000000000000
  salt_hco3035                      414.2560000000002    1.000000000000000    0.000000000000000
  salt_hco3036                      84.69525623974174    1.000000000000000    0.000000000000000
     salt_k000                      1.107286961465260    1.000000000000000    0.000000000000000
     salt_k001                      1.049514459479705    1.000000000000000    0.000000000000000
     salt_k002                      1.993450831348656    1.000000000000000    0.000000000000000
     salt_k003                      0.2964292685258196    1.000000000000000    0.000000000000000
     salt_k004                      2.648823239315653    1.000000000000000    0.000000000000000
     salt_k005                      1.508399323809841    1.000000000000000    0.000000000000000
     salt_k006                      0.6926351611994348    1.000000000000000    0.000000000000000
     salt_k007                      4.263859464868513e-07    1.000000000000000    0.000000000000000
     salt_k008                      0.03592734865779679    1.000000000000000    0.000000000000000
     salt_k009                      0.3182297589677606    1.000000000000000    0.000000000000000
     salt_k010                      1.666000000000000    1.000000000000000    0.000000000000000
     salt_k011                      0.01390066755027270    1.000000000000000    0.000000000000000
     salt_k012                      1.037500876221515    1.000000000000000    0.000000000000000
     salt_k013                      0.007166836422612871    1.000000000000000    0.000000000000000
     salt_k014                      0.6446173639939954    1.000000000000000    0.000000000000000
     salt_k015                      0.01995004957597393    1.000000000000000    0.000000000000000
     salt_k016                      0.01701003418981396    1.000000000000000    0.000000000000000
     salt_k017                      0.1853605428420727    1.000000000000000    0.000000000000000
     salt_k018                      2.071710104045600    1.000000000000000    0.000000000000000
     salt_k019                      3.449136561041601    1.000000000000000    0.000000000000000
     salt_k020                      1.855102670140956    1.000000000000000    0.000000000000000
     salt_k021                      0.01111539623881129    1.000000000000000    0.000000000000000
     salt_k022                      0.01147543040629060    1.000000000000000    0.000000000000000
     salt_k023                      0.5140888330419366    1.000000000000000    0.000000000000000
     salt_k024                      0.3202561881538792    1.000000000000000    0.000000000000000
     salt_k025                      0.8320710630824023    1.000000000000000    0.000000000000000
     salt_k026                      0.01764316175270530    1.000000000000000    0.000000000000000
     salt_k027                      1.479000000000000    1.000000000000000    0.000000000000000
     salt_k028                      2.584000000000000    1.000000000000000    0.000000000000000
     salt_k029                      0.3287484872915443    1.000000000000000    0.000000000000000
     salt_k030                      4.284000000000000    1.000000000000000    0.000000000000000
     salt_k031                      0.1278429064261704    1.000000000000000    0.000000000000000
     salt_k032                      3.717752994635432    1.000000000000000    0.000000000000000
     salt_k033                      3.918758795332933    1.000000000000000    0.000000000000000
     salt_k034                      0.9888340088635960    1.000000000000000    0.000000000000000
     salt_k035                      0.5303962502346092    1.000000000000000    0.000000000000000
     salt_k036                      0.2585938797594563    1.000000000000000    0.000000000000000
    salt_mg000                      1.352408864864539    1.000000000000000    0.000000000000000
    salt_mg001                      0.07985760561484571    1.000000000000000    0.000000000000000
    salt_mg002                      7.991871928659685    1.000000000000000    0.000000000000000
    salt_mg003                      0.06719577683261369    1.000000000000000    0.000000000000000
    salt_mg004                      0.7236950226603884    1.000000000000000    0.000000000000000
    salt_mg005                      1.970909032669828    1.000000000000000    0.000000000000000
    salt_mg006                      12.46416729137600    1.000000000000000    0.000000000000000
    salt_mg007                      26.17100407475466    1.000000000000000    0.000000000000000
    salt_mg008                      0.0007703717795451901    1.000000000000000    0.000000000000000
    salt_mg009                      0.03146931247479547    1.000000000000000    0.000000000000000
    salt_mg010                      0.9968713072962619    1.000000000000000    0.000000000000000
    salt_mg011                      28.67262210610271    1.000000000000000    0.000000000000000
    salt_mg012                      0.01097648321613897    1.000000000000000    0.000000000000000
    salt_mg013                      2.794610847786104    1.000000000000000    0.000000000000000
    salt_mg014                      0.1778692523672734    1.000000000000000    0.000000000000000
    salt_mg015                      1.993241268751566    1.000000000000000    0.000000000000000
    salt_mg016                      3.221688051242073    1.000000000000000    0.000000000000000
    salt_mg017                      0.01274150389277085    1.000000000000000    0.000000000000000
    salt_mg018                      0.9206879315664706    1.000000000000000    0.000000000000000
    salt_mg019                      19.10137695336914    1.000000000000000    0.000000000000000
    salt_mg020                      29.31478354842993    1.000000000000000    0.000000000000000
    salt_mg021                      3.495623648028459    1.000000000000000    0.000000000000000
    salt_mg022                      22.66100000000000    1.000000000000000    0.000000000000000
    salt_mg023                      0.7349603532275498    1.000000000000000    0.000000000000000
    salt_mg024                      16.56490097375299    1.000000000000000    0.000000000000000
    salt_mg025                      10.41328421367627    1.000000000000000    0.000000000000000
    salt_mg026                      13.14101700000000    1.000000000000000    0.000000000000000
    salt_mg027                      13.61863917565709    1.000000000000000    0.000000000000000
    salt_mg028                      16.66001700000000    1.000000000000000    0.000000000000000
    salt_mg029                      0.1901608733910417    1.000000000000000    0.000000000000000
    salt_mg030                      0.6705924544244203    1.000000000000000    0.000000000000000
    salt_mg031                      27.35300000000001    1.000000000000000    0.000000000000000
    salt_mg032                      1.215803048747206    1.000000000000000    0.000000000000000
    salt_mg033                      23.72512651965289    1.000000000000000    0.000000000000000
    salt_mg034                      0.6908200369239399    1.000000000000000    0.000000000000000
    salt_mg035                      8.742904634394664    1.000000000000000    0.000000000000000
    salt_mg036                      15.94232009311902    1.000000000000000    0.000000000000000
    salt_na000                      10.24538740795617    1.000000000000000    0.000000000000000
    salt_na001                      0.0009864720369294631    1.000000000000000    0.000000000000000
    salt_na002                      1.848218740956079    1.000000000000000    0.000000000000000
    salt_na003                      7.078841353765412    1.000000000000000    0.000000000000000
    salt_na004                      0.1145218342748229    1.000000000000000    0.000000000000000
    salt_na005                      1.731586292896088    1.000000000000000    0.000000000000000
    salt_na006                      25.15822462401848    1.000000000000000    0.000000000000000
    salt_na007                      40.28250091009083    1.000000000000000    0.000000000000000
    salt_na008                      3.215382064612932    1.000000000000000    0.000000000000000
    salt_na009                      3.110753216134348    1.000000000000000    0.000000000000000
    salt_na010                      1.231978450884346    1.000000000000000    0.000000000000000
    salt_na011                      0.003137693144691125    1.000000000000000    0.000000000000000
    salt_na012                      29.79592690463611    1.000000000000000    0.000000000000000
    salt_na013                      0.6243450915974988    1.000000000000000    0.000000000000000
    salt_na014                      0.5361157819058444    1.000000000000000    0.000000000000000
    salt_na015                      305.2642798356155    1.000000000000000    0.000000000000000
    salt_na016                      0.1860438699060784    1.000000000000000    0.000000000000000
    salt_na017                      67.99926127305810    1.000000000000000    0.000000000000000
    salt_na018                      303.8320797337589    1.000000000000000    0.000000000000000
    salt_na019                      4.583486235274746    1.000000000000000    0.000000000000000
    salt_na020                      63.70063164324146    1.000000000000000    0.000000000000000
    salt_na021                      7.621612235040901    1.000000000000000    0.000000000000000
    salt_na022                      0.6026925964293781    1.000000000000000    0.000000000000000
    salt_na023                      455.5830000000001    1.000000000000000    0.000000000000000
    salt_na024                      0.04766756498939354    1.000000000000000    0.000000000000000
    salt_na025                      21.90514970943387    1.000000000000000    0.000000000000000
    salt_na026                      141.4209609730991    1.000000000000000    0.000000000000000
    salt_na027                      64.73697600188446    1.000000000000000    0.000000000000000
    salt_na028                      116.3140586658011    1.000000000000000    0.000000000000000
    salt_na029                      278.9702221186081    1.000000000000000    0.000000000000000
    salt_na030                      0.005709844547861729    1.000000000000000    0.000000000000000
    salt_na031                      41.93705745541842    1.000000000000000    0.000000000000000
    salt_na032                      0.1022921736080489    1.000000000000000    0.000000000000000
    salt_na033                      384.1320000000002    1.000000000000000    0.000000000000000
    salt_na034                      2.302104666988188    1.000000000000000    0.000000000000000
    salt_na035                      225.6257828707579    1.000000000000000    0.000000000000000
    salt_na036                      7.695722732318584    1.000000000000000    0.000000000000000
   salt_so4000                      0.3349056497300604    1.000000000000000    0.000000000000000
   salt_so4001                      10.58162281890602    1.000000000000000    0.000000000000000
   salt_so4002                      657.4352765270349    1.000000000000000    0.000000000000000
   salt_so4003                      1.574975062253258    1.000000000000000    0.000000000000000
   salt_so4004                      14.44611746287444    1.000000000000000    0.000000000000000
   salt_so4005                      83.04925144672599    1.000000000000000    0.000000000000000
   salt_so4006                      661.3679999999997    1.000000000000000    0.000000000000000
   salt_so4007                      5.847899981314504    1.000000000000000    0.000000000000000
   salt_so4008                      0.001154999578528227    1.000000000000000    0.000000000000000
   salt_so4009                      2.833092644308715    1.000000000000000    0.000000000000000
   salt_so4010                      3.798230344341376    1.000000000000000    0.000000000000000
   salt_so4011                      256.5689222990116    1.000000000000000    0.000000000000000
   salt_so4012                      193.9377348089002    1.000000000000000    0.000000000000000
   salt_so4013                      108.3188587930882    1.000000000000000    0.000000000000000
   salt_so4014                      55.99824743794397    1.000000000000000    0.000000000000000
   salt_so4015                      0.001933724298716477    1.000000000000000    0.000000000000000
   salt_so4016                      155.9492565899169    1.000000000000000    0.000000000000000
   salt_so4017                      125.7321700000000    1.000000000000000    0.000000000000000
   salt_so4018                      104.4330269752922    1.000000000000000    0.000000000000000
   salt_so4019                      258.9440000000000    1.000000000000000    0.000000000000000
   salt_so4020                      1.232700836595091    1.000000000000000    0.000000000000000
   salt_so4021                      7.488103848372030    1.000000000000000    0.000000000000000
   salt_so4022                      50.53012980710553    1.000000000000000    0.000000000000000
   salt_so4023                      159.2901700000000    1.000000000000000    0.000000000000000
   salt_so4024                      113.6441646414680    1.000000000000000    0.000000000000000
   salt_so4025                      0.02879133252731574    1.000000000000000    0.000000000000000
   salt_so4026                      0.06017876051489557    1.000000000000000    0.000000000000000
   salt_so4027                      63.61340419196910    1.000000000000000    0.000000000000000
   salt_so4028                      0.003849646298519418    1.000000000000000    0.000000000000000
   salt_so4029                      175.1232693253376    1.000000000000000    0.000000000000000
   salt_so4030                      69.77269163573786    1.000000000000000    0.000000000000000
   salt_so4031                      194.5431453891671    1.000000000000000    0.000000000000000
   salt_so4032                      75.61626419032166    1.000000000000000    0.000000000000000
   salt_so4033                      22.33616718366158    1.000000000000000    0.000000000000000
   salt_so4034                      377.2162076100217    1.000000000000000    0.000000000000000
   salt_so4035                      1.456770337631717    1.000000000000000    0.000000000000000
   salt_so4036                      6.524951849426376e-06    1.000000000000000    0.000000000000000
