single point
    aquf_caco3                      0.0002491604171790672    1.000000000000000    0.000000000000000
    aquf_caso4                      0.03565856215853735    1.000000000000000    0.000000000000000
    aquf_mgso4                      0.07041673965609045    1.000000000000000    0.000000000000000
   soil_caco_h                      28.30000000000000    1.000000000000000    0.000000000000000
   soil_caco_l                      11.75431705889075    1.000000000000000    0.000000000000000
   soil_caco_m                      16.60000000000000    1.000000000000000    0.000000000000000
  soil_caco_mh                      1.584396235274347    1.000000000000000    0.000000000000000
  soil_caco_ml                      12.65575235188647    1.000000000000000    0.000000000000000
   soil_caso_h                      0.4118038631909486    1.000000000000000    0.000000000000000
   soil_caso_l                      0.1296728022995570    1.000000000000000    0.000000000000000
   soil_caso_m                      0.3038864669633115    1.000000000000000    0.000000000000000
  soil_caso_mh                      0.2285265886262968    1.000000000000000    0.000000000000000
  soil_caso_ml                      0.04198292639369806    1.000000000000000    0.000000000000000
           p12                      1.610000000000000    1.000000000000000    0.000000000000000
           p15                      2.000000000000000e-05    1.000000000000000    0.000000000000000
           p16                      1.450000000000000    1.000000000000000    0.000000000000000
           p17                      0.5000000000000000    1.000000000000000    0.000000000000000
           p20                      0.4000000000000000    1.000000000000000    0.000000000000000
           p23                      0.003200000000000000    1.000000000000000    0.000000000000000
           p25                      1.000000000000000e-05    1.000000000000000    0.000000000000000
           p40                      1.000000000000000    1.000000000000000    0.000000000000000
           p49                      3.170000000000000    1.000000000000000    0.000000000000000
            p5                      0.1150000000000000    1.000000000000000    0.000000000000000
           p50                      0.3000000000000000    1.000000000000000    0.000000000000000
           p51                      0.9000000000000000    1.000000000000000    0.000000000000000
           p61                      0.1150000000000000    1.000000000000000    0.000000000000000
           p90                      1.000000000000000    1.000000000000000    0.000000000000000
           p91                      0.08720000000000000    1.000000000000000    0.000000000000000
           p92                      2.000000000000000    1.000000000000000    0.000000000000000
   rivbot_rg01                      5.000000000000000    1.000000000000000   -5.000000000000000
   rivbot_rg02                      5.000000000000000    1.000000000000000   -5.000000000000000
   rivbot_rg03                      5.000000000000000    1.000000000000000   -5.000000000000000
   rivbot_rg04                      5.000000000000000    1.000000000000000   -5.000000000000000
   rivbot_rg05                      5.000000000000000    1.000000000000000   -5.000000000000000
    rivcd_rg01                      12.88325563194556    1.000000000000000   -50.00000000000000
    rivcd_rg02                      100.0000000000000    1.000000000000000   -50.00000000000000
    rivcd_rg03                      9.778447826971496    1.000000000000000   -50.00000000000000
    rivcd_rg04                      79.72735418577113    1.000000000000000   -50.00000000000000
    rivcd_rg05                      100.0000000000000    1.000000000000000   -50.00000000000000
    salt_ca000                      6.207496567836770    1.000000000000000    0.000000000000000
    salt_ca001                      0.2126373996987069    1.000000000000000    0.000000000000000
    salt_ca002                      11.80455702907116    1.000000000000000    0.000000000000000
    salt_ca003                      251.4980000000001    1.000000000000000    0.000000000000000
    salt_ca004                      16.28498156320050    1.000000000000000    0.000000000000000
    salt_ca005                      10.33281980055533    1.000000000000000    0.000000000000000
    salt_ca006                      214.2644701110981    1.000000000000000    0.000000000000000
    salt_ca007                      254.5410000000001    1.000000000000000    0.000000000000000
    salt_ca008                      21.29381471302377    1.000000000000000    0.000000000000000
    salt_ca009                      8.535253126982175    1.000000000000000    0.000000000000000
    salt_ca010                      2.851107002786973    1.000000000000000    0.000000000000000
    salt_ca011                      1.391110055716146    1.000000000000000    0.000000000000000
    salt_ca012                      140.3181700000000    1.000000000000000    0.000000000000000
    salt_ca013                      6.115225911246279    1.000000000000000    0.000000000000000
    salt_ca014                      2.545259899809353    1.000000000000000    0.000000000000000
    salt_ca015                      0.2832347011358958    1.000000000000000    0.000000000000000
    salt_ca016                      133.1115211722350    1.000000000000000    0.000000000000000
    salt_ca017                      0.03585783502215587    1.000000000000000    0.000000000000000
    salt_ca018                      64.86408855966877    1.000000000000000    0.000000000000000
    salt_ca019                      53.70641535096397    1.000000000000000    0.000000000000000
    salt_ca020                      66.94590922662411    1.000000000000000    0.000000000000000
    salt_ca021                      0.9834069945434485    1.000000000000000    0.000000000000000
    salt_ca022                      16.77964799267790    1.000000000000000    0.000000000000000
    salt_ca023                      11.62523439049844    1.000000000000000    0.000000000000000
    salt_ca024                      112.7101700000000    1.000000000000000    0.000000000000000
    salt_ca025                      33.42068941880245    1.000000000000000    0.000000000000000
    salt_ca026                      0.3641717449570790    1.000000000000000    0.000000000000000
    salt_ca027                      94.72283843921697    1.000000000000000    0.000000000000000
    salt_ca028                      4.436670021216536    1.000000000000000    0.000000000000000
    salt_ca029                      0.9752440018063420    1.000000000000000    0.000000000000000
    salt_ca030                      212.8230000000000    1.000000000000000    0.000000000000000
    salt_ca031                      183.4480806971253    1.000000000000000    0.000000000000000
    salt_ca032                      0.005464290138688916    1.000000000000000    0.000000000000000
    salt_ca033                      193.7829999999999    1.000000000000000    0.000000000000000
    salt_ca034                      17.73104328399620    1.000000000000000    0.000000000000000
    salt_ca035                      192.4230000000000    1.000000000000000    0.000000000000000
    salt_ca036                      0.1241056273773035    1.000000000000000    0.000000000000000
    salt_cl000                      0.09809025232370726    1.000000000000000    0.000000000000000
    salt_cl001                      1.479000000000000    1.000000000000000    0.000000000000000
    salt_cl002                      0.003239547968805709    1.000000000000000    0.000000000000000
    salt_cl003                      0.0009252360541597293    1.000000000000000    0.000000000000000
    salt_cl004                      2.346000000000000    1.000000000000000    0.000000000000000
    salt_cl005                      1.427782091393359    1.000000000000000    0.000000000000000
    salt_cl006                      0.1391877274428800    1.000000000000000    0.000000000000000
    salt_cl007                      0.1647579072974223    1.000000000000000    0.000000000000000
    salt_cl008                      0.7783410150608645    1.000000000000000    0.000000000000000
    salt_cl009                      0.007757355078447458    1.000000000000000    0.000000000000000
    salt_cl010                      7.955327774299622e-07    1.000000000000000    0.000000000000000
    salt_cl011                      2.227033307028292    1.000000000000000    0.000000000000000
    salt_cl012                      72.94566376681317    1.000000000000000    0.000000000000000
    salt_cl013                      34.87318961909482    1.000000000000000    0.000000000000000
    salt_cl014                      0.008574874826536438    1.000000000000000    0.000000000000000
    salt_cl015                      164.7301699999999    1.000000000000000    0.000000000000000
    salt_cl016                      0.3989322960799902    1.000000000000000    0.000000000000000
    salt_cl017                      17.59746327519838    1.000000000000000    0.000000000000000
    salt_cl018                      27.67661931468983    1.000000000000000    0.000000000000000
    salt_cl019                      1.598778010167950    1.000000000000000    0.000000000000000
    salt_cl020                      236.5550000000000    1.000000000000000    0.000000000000000
    salt_cl021                      0.2244927947562649    1.000000000000000    0.000000000000000
    salt_cl022                      2.808033327396342    1.000000000000000    0.000000000000000
    salt_cl023                      1.061088589330844    1.000000000000000    0.000000000000000
    salt_cl024                      20.06111581476651    1.000000000000000    0.000000000000000
    salt_cl025                      17.81565641436429    1.000000000000000    0.000000000000000
    salt_cl026                      51.37400000000000    1.000000000000000    0.000000000000000
    salt_cl027                      0.02536662665953102    1.000000000000000    0.000000000000000
    salt_cl028                      412.0538897056309    1.000000000000000    0.000000000000000
    salt_cl029                      16.85637336950078    1.000000000000000    0.000000000000000
    salt_cl030                      0.2214347949450357    1.000000000000000    0.000000000000000
    salt_cl031                      197.8231666774291    1.000000000000000    0.000000000000000
    salt_cl032                      54.47561525482093    1.000000000000000    0.000000000000000
    salt_cl033                      0.008374323411050417    1.000000000000000    0.000000000000000
    salt_cl034                      885.4790036800792    1.000000000000000    0.000000000000000
    salt_cl035                      394.7570000000001    1.000000000000000    0.000000000000000
    salt_cl036                      9.017198124424510    1.000000000000000    0.000000000000000
   salt_co3000                      2.822000000000000    1.000000000000000    0.000000000000000
   salt_co3001                      0.1033786359213376    1.000000000000000    0.000000000000000
   salt_co3002                      0.1375005597325329    1.000000000000000    0.000000000000000
   salt_co3003                      0.5618862497150202    1.000000000000000    0.000000000000000
   salt_co3004                      0.3486410515030170    1.000000000000000    0.000000000000000
   salt_co3005                      3.230000000000000    1.000000000000000    0.000000000000000
   salt_co3006                      0.0001503373811937452    1.000000000000000    0.000000000000000
   salt_co3007                      0.05567072669307546    1.000000000000000    0.000000000000000
   salt_co3008                      4.114000000000000    1.000000000000000    0.000000000000000
   salt_co3009                      0.08030128837088574    1.000000000000000    0.000000000000000
   salt_co3010                      1.875804611244082    1.000000000000000    0.000000000000000
   salt_co3011                      2.326143562721662    1.000000000000000    0.000000000000000
   salt_co3012                      0.3675154683884930    1.000000000000000    0.000000000000000
   salt_co3013                      4.368999999999999    1.000000000000000    0.000000000000000
   salt_co3014                      0.4252493142171736    1.000000000000000    0.000000000000000
   salt_co3015                      0.001458315709028110    1.000000000000000    0.000000000000000
   salt_co3016                      9.639017000000001    1.000000000000000    0.000000000000000
   salt_co3017                      1.878238069432527    1.000000000000000    0.000000000000000
   salt_co3018                      0.009161896947554139    1.000000000000000    0.000000000000000
   salt_co3019                      1.027613607113111    1.000000000000000    0.000000000000000
   salt_co3020                      8.330000000000000    1.000000000000000    0.000000000000000
   salt_co3021                      7.718000000000001    1.000000000000000    0.000000000000000
   salt_co3022                      0.001457845408049288    1.000000000000000    0.000000000000000
   salt_co3023                      0.03997521328108078    1.000000000000000    0.000000000000000
   salt_co3024                      0.01603291662593539    1.000000000000000    0.000000000000000
   salt_co3025                      0.0009369906229131269    1.000000000000000    0.000000000000000
   salt_co3026                      1.497359164925097    1.000000000000000    0.000000000000000
   salt_co3027                      0.1867811564897667    1.000000000000000    0.000000000000000
   salt_co3028                      16.04875232629796    1.000000000000000    0.000000000000000
   salt_co3029                      0.006327452890664648    1.000000000000000    0.000000000000000
   salt_co3030                      9.163017000000002    1.000000000000000    0.000000000000000
   salt_co3031                      8.352933949935128    1.000000000000000    0.000000000000000
   salt_co3032                      0.5248514638753470    1.000000000000000    0.000000000000000
   salt_co3033                      2.431000000000000    1.000000000000000    0.000000000000000
   salt_co3034                      3.755366853396420    1.000000000000000    0.000000000000000
   salt_co3035                      2.397000000000000    1.000000000000000    0.000000000000000
   salt_co3036                      0.003958977417019401    1.000000000000000    0.000000000000000
  salt_hco3000                      223.4308690822986    1.000000000000000    0.000000000000000
  salt_hco3001                      4.986899426305575    1.000000000000000    0.000000000000000
  salt_hco3002                      0.02566698087785618    1.000000000000000    0.000000000000000
  salt_hco3003                      2.528655198042352    1.000000000000000    0.000000000000000
  salt_hco3004                      233.6226142052377    1.000000000000000    0.000000000000000
  salt_hco3005                      164.2086509968859    1.000000000000000    0.000000000000000
  salt_hco3006                      1.057837866063605    1.000000000000000    0.000000000000000
  salt_hco3007                      1.635445986473935    1.000000000000000    0.000000000000000
  salt_hco3008                      0.001778882197838012    1.000000000000000    0.000000000000000
  salt_hco3009                      25.42553998487550    1.000000000000000    0.000000000000000
  salt_hco3010                      4.385130212034341    1.000000000000000    0.000000000000000
  salt_hco3011                      0.1100349365589657    1.000000000000000    0.000000000000000
  salt_hco3012                      520.0790590186613    1.000000000000000    0.000000000000000
  salt_hco3013                      403.4530368370079    1.000000000000000    0.000000000000000
  salt_hco3014                      85.96889892397348    1.000000000000000    0.000000000000000
  salt_hco3015                      0.001078560588724257    1.000000000000000    0.000000000000000
  salt_hco3016                      596.5464156604036    1.000000000000000    0.000000000000000
  salt_hco3017                      610.6400000000000    1.000000000000000    0.000000000000000
  salt_hco3018                      0.5556832590768388    1.000000000000000    0.000000000000000
  salt_hco3019                      626.5591633315186    1.000000000000000    0.000000000000000
  salt_hco3020                      701.1140000000001    1.000000000000000    0.000000000000000
  salt_hco3021                      501.0069999999999    1.000000000000000    0.000000000000000
  salt_hco3022                      201.3009550534359    1.000000000000000    0.000000000000000
  salt_hco3023                      1024.387700000000    1.000000000000000    0.000000000000000
  salt_hco3024                      125.1451931094642    1.000000000000000    0.000000000000000
  salt_hco3025                      806.5479999999999    1.000000000000000    0.000000000000000
  salt_hco3026                      705.0749999999997    1.000000000000000    0.000000000000000
  salt_hco3027                      387.9659623276671    1.000000000000000    0.000000000000000
  salt_hco3028                      558.6880000000002    1.000000000000000    0.000000000000000
  salt_hco3029                      426.8190000000001    1.000000000000000    0.000000000000000
  salt_hco3030                      0.04645998064528963    1.000000000000000    0.000000000000000
  salt_hco3031                      349.3670000000001    1.000000000000000    0.000000000000000
  salt_hco3032                      66.58274367359883    1.000000000000000    0.000000000000000
  salt_hco3033                      419.1350000000002    1.000000000000000    0.000000000000000
  salt_hco3034                      37.32308570361896    1.000000000000000    0.000000000000000
  salt_hco3035                      414.2560000000002    1.000000000000000    0.000000000000000
  salt_hco3036                      104.8637905434714    1.000000000000000    0.000000000000000
     salt_k000                      1.707067375243773    1.000000000000000    0.000000000000000
     salt_k001                      1.974103473374210    1.000000000000000    0.000000000000000
     salt_k002                      1.708701624919766    1.000000000000000    0.000000000000000
     salt_k003                      0.1373480107389075    1.000000000000000    0.000000000000000
     salt_k004                      2.924000000000000    1.000000000000000    0.000000000000000
     salt_k005                      2.074000000000000    1.000000000000000    0.000000000000000
     salt_k006                      0.6727481106945221    1.000000000000000    0.000000000000000
     salt_k007                      5.827648198493978e-07    1.000000000000000    0.000000000000000
     salt_k008                      0.1366839002848639    1.000000000000000    0.000000000000000
     salt_k009                      0.7054944012249058    1.000000000000000    0.000000000000000
     salt_k010                      1.465978135835733    1.000000000000000    0.000000000000000
     salt_k011                      0.03115612191115571    1.000000000000000    0.000000000000000
     salt_k012                      0.7739729104766789    1.000000000000000    0.000000000000000
     salt_k013                      0.002933013198445382    1.000000000000000    0.000000000000000
     salt_k014                      0.3757766784334327    1.000000000000000    0.000000000000000
     salt_k015                      0.02919766448251969    1.000000000000000    0.000000000000000
     salt_k016                      0.01296919080596767    1.000000000000000    0.000000000000000
     salt_k017                      0.3491587276165921    1.000000000000000    0.000000000000000
     salt_k018                      1.563719967456076    1.000000000000000    0.000000000000000
     salt_k019                      5.406000000000000    1.000000000000000    0.000000000000000
     salt_k020                      2.483881573623225    1.000000000000000    0.000000000000000
     salt_k021                      0.005726557282199989    1.000000000000000    0.000000000000000
     salt_k022                      0.01774213233028036    1.000000000000000    0.000000000000000
     salt_k023                      0.4760587255431207    1.000000000000000    0.000000000000000
     salt_k024                      1.687331291002629    1.000000000000000    0.000000000000000
     salt_k025                      1.001516855891370    1.000000000000000    0.000000000000000
     salt_k026                      0.06943378610100338    1.000000000000000    0.000000000000000
     salt_k027                      1.479000000000000    1.000000000000000    0.000000000000000
     salt_k028                      2.584000000000000    1.000000000000000    0.000000000000000
     salt_k029                      0.2937122498291581    1.000000000000000    0.000000000000000
     salt_k030                      4.284000000000000    1.000000000000000    0.000000000000000
     salt_k031                      0.01613086170715261    1.000000000000000    0.000000000000000
     salt_k032                      3.893000000000000    1.000000000000000    0.000000000000000
     salt_k033                      2.198950431263540    1.000000000000000    0.000000000000000
     salt_k034                      3.102092794131475    1.000000000000000    0.000000000000000
     salt_k035                      0.3530014212695277    1.000000000000000    0.000000000000000
     salt_k036                      0.1722498410712693    1.000000000000000    0.000000000000000
    salt_mg000                      0.4409206964478156    1.000000000000000    0.000000000000000
    salt_mg001                      0.08178916886669348    1.000000000000000    0.000000000000000
    salt_mg002                      15.07770486634770    1.000000000000000    0.000000000000000
    salt_mg003                      0.1314599676083015    1.000000000000000    0.000000000000000
    salt_mg004                      0.5145852117429432    1.000000000000000    0.000000000000000
    salt_mg005                      2.106017460401759    1.000000000000000    0.000000000000000
    salt_mg006                      10.98408324984644    1.000000000000000    0.000000000000000
    salt_mg007                      33.48541992086763    1.000000000000000    0.000000000000000
    salt_mg008                      0.0003913139926572504    1.000000000000000    0.000000000000000
    salt_mg009                      0.01459373955540752    1.000000000000000    0.000000000000000
    salt_mg010                      0.8175079929326210    1.000000000000000    0.000000000000000
    salt_mg011                      30.81997036027725    1.000000000000000    0.000000000000000
    salt_mg012                      0.06136015848271627    1.000000000000000    0.000000000000000
    salt_mg013                      2.344325567445763    1.000000000000000    0.000000000000000
    salt_mg014                      0.6739487949854779    1.000000000000000    0.000000000000000
    salt_mg015                      2.177199456241865    1.000000000000000    0.000000000000000
    salt_mg016                      3.573161924014301    1.000000000000000    0.000000000000000
    salt_mg017                      0.007542555297621568    1.000000000000000    0.000000000000000
    salt_mg018                      0.2965914832534330    1.000000000000000    0.000000000000000
    salt_mg019                      14.11149794736388    1.000000000000000    0.000000000000000
    salt_mg020                      36.83666848312978    1.000000000000000    0.000000000000000
    salt_mg021                      2.159322195553395    1.000000000000000    0.000000000000000
    salt_mg022                      22.66100000000000    1.000000000000000    0.000000000000000
    salt_mg023                      1.655115427617807    1.000000000000000    0.000000000000000
    salt_mg024                      5.216438902017490    1.000000000000000    0.000000000000000
    salt_mg025                      4.442193666913164    1.000000000000000    0.000000000000000
    salt_mg026                      13.14101700000000    1.000000000000000    0.000000000000000
    salt_mg027                      17.79900000000000    1.000000000000000    0.000000000000000
    salt_mg028                      16.66001700000000    1.000000000000000    0.000000000000000
    salt_mg029                      0.5597292062355326    1.000000000000000    0.000000000000000
    salt_mg030                      4.347823422388395    1.000000000000000    0.000000000000000
    salt_mg031                      27.35300000000001    1.000000000000000    0.000000000000000
    salt_mg032                      17.26516096065265    1.000000000000000    0.000000000000000
    salt_mg033                      12.72753405266889    1.000000000000000    0.000000000000000
    salt_mg034                      0.4572261065452336    1.000000000000000    0.000000000000000
    salt_mg035                      31.85799999999999    1.000000000000000    0.000000000000000
    salt_mg036                      12.81690783128189    1.000000000000000    0.000000000000000
    salt_na000                      10.50601700000000    1.000000000000000    0.000000000000000
    salt_na001                      0.001925316473796868    1.000000000000000    0.000000000000000
    salt_na002                      2.631788362933014    1.000000000000000    0.000000000000000
    salt_na003                      8.447643142556903    1.000000000000000    0.000000000000000
    salt_na004                      0.1795747280885332    1.000000000000000    0.000000000000000
    salt_na005                      0.8980793666506054    1.000000000000000    0.000000000000000
    salt_na006                      10.00657019403864    1.000000000000000    0.000000000000000
    salt_na007                      27.47230275180453    1.000000000000000    0.000000000000000
    salt_na008                      1.729523874733983    1.000000000000000    0.000000000000000
    salt_na009                      4.158441331548647    1.000000000000000    0.000000000000000
    salt_na010                      1.103693653318778    1.000000000000000    0.000000000000000
    salt_na011                      0.001016781549335893    1.000000000000000    0.000000000000000
    salt_na012                      161.3911623064186    1.000000000000000    0.000000000000000
    salt_na013                      0.3522271887532027    1.000000000000000    0.000000000000000
    salt_na014                      1.341933604556169    1.000000000000000    0.000000000000000
    salt_na015                      306.7990000000000    1.000000000000000    0.000000000000000
    salt_na016                      0.1968748321934347    1.000000000000000    0.000000000000000
    salt_na017                      22.68688165422799    1.000000000000000    0.000000000000000
    salt_na018                      212.5000230710425    1.000000000000000    0.000000000000000
    salt_na019                      16.85428039148321    1.000000000000000    0.000000000000000
    salt_na020                      183.8730211697911    1.000000000000000    0.000000000000000
    salt_na021                      10.05767223036056    1.000000000000000    0.000000000000000
    salt_na022                      0.4711062132305475    1.000000000000000    0.000000000000000
    salt_na023                      455.5830000000001    1.000000000000000    0.000000000000000
    salt_na024                      0.04645225315562419    1.000000000000000    0.000000000000000
    salt_na025                      11.41611730753008    1.000000000000000    0.000000000000000
    salt_na026                      75.25514327529353    1.000000000000000    0.000000000000000
    salt_na027                      51.34547934494066    1.000000000000000    0.000000000000000
    salt_na028                      306.1758725288423    1.000000000000000    0.000000000000000
    salt_na029                      291.2949999999999    1.000000000000000    0.000000000000000
    salt_na030                      0.005021610014664635    1.000000000000000    0.000000000000000
    salt_na031                      34.00360466289257    1.000000000000000    0.000000000000000
    salt_na032                      0.04590420377570333    1.000000000000000    0.000000000000000
    salt_na033                      384.1320000000002    1.000000000000000    0.000000000000000
    salt_na034                      1.798798070030264    1.000000000000000    0.000000000000000
    salt_na035                      255.1703691560270    1.000000000000000    0.000000000000000
    salt_na036                      3.994231567834035    1.000000000000000    0.000000000000000
   salt_so4000                      0.1635140125240861    1.000000000000000    0.000000000000000
   salt_so4001                      12.12912576251796    1.000000000000000    0.000000000000000
   salt_so4002                      732.1050000000000    1.000000000000000    0.000000000000000
   salt_so4003                      1.165533760911315    1.000000000000000    0.000000000000000
   salt_so4004                      19.89209566804805    1.000000000000000    0.000000000000000
   salt_so4005                      44.70086020223969    1.000000000000000    0.000000000000000
   salt_so4006                      661.3679999999997    1.000000000000000    0.000000000000000
   salt_so4007                      17.74328753953348    1.000000000000000    0.000000000000000
   salt_so4008                      0.0005102903169304293    1.000000000000000    0.000000000000000
   salt_so4009                      9.636924136631906    1.000000000000000    0.000000000000000
   salt_so4010                      2.751624785095746    1.000000000000000    0.000000000000000
   salt_so4011                      136.9908932286319    1.000000000000000    0.000000000000000
   salt_so4012                      122.2557522032985    1.000000000000000    0.000000000000000
   salt_so4013                      145.4181699999999    1.000000000000000    0.000000000000000
   salt_so4014                      96.31433615849885    1.000000000000000    0.000000000000000
   salt_so4015                      0.003686046657426810    1.000000000000000    0.000000000000000
   salt_so4016                      162.7411700000001    1.000000000000000    0.000000000000000
   salt_so4017                      45.43532191885782    1.000000000000000    0.000000000000000
   salt_so4018                      105.5697661472337    1.000000000000000    0.000000000000000
   salt_so4019                      258.9440000000000    1.000000000000000    0.000000000000000
   salt_so4020                      0.5555397116681350    1.000000000000000    0.000000000000000
   salt_so4021                      6.855630120344345    1.000000000000000    0.000000000000000
   salt_so4022                      142.8759026094908    1.000000000000000    0.000000000000000
   salt_so4023                      159.2901700000000    1.000000000000000    0.000000000000000
   salt_so4024                      65.90538069268280    1.000000000000000    0.000000000000000
   salt_so4025                      0.01779821561214622    1.000000000000000    0.000000000000000
   salt_so4026                      0.02794113985181564    1.000000000000000    0.000000000000000
   salt_so4027                      91.95317000000001    1.000000000000000    0.000000000000000
   salt_so4028                      0.002013912913694326    1.000000000000000    0.000000000000000
   salt_so4029                      99.88420762362888    1.000000000000000    0.000000000000000
   salt_so4030                      60.09061052532505    1.000000000000000    0.000000000000000
   salt_so4031                      132.3185048967250    1.000000000000000    0.000000000000000
   salt_so4032                      35.32626987324597    1.000000000000000    0.000000000000000
   salt_so4033                      10.06931181300413    1.000000000000000    0.000000000000000
   salt_so4034                      407.4729999999998    1.000000000000000    0.000000000000000
   salt_so4035                      3.742945159865207    1.000000000000000    0.000000000000000
   salt_so4036                      2.804225326096028e-05    1.000000000000000    0.000000000000000
