Input data for APEX Salinity module

Solubility Product parameters
0.0000000030702						!Ksp1: CaCO3
0.0000047937						!Ksp2: MgCO3
0.0003    						!Ksp3: CaSO4
0.007244						!Ksp4: MgSO4
37.3							!Ksp5: NaCl

Initial Concentrations (mg/L) in Soil Water (one row for each SUBAREA): initial concentrations (mg/L) for each ion 
SO4     Ca      Mg      Na      K       Cl      CO3     HCO3
2.12365e+02 5.46985e+01 3.36186e+01 1.67798e+02 5.48696e+00 1.11937e+02 6.84164e+00 3.16016e+02
1.81324e+02 3.46541e+01 3.29103e+01 1.88093e+02 4.36007e+00 1.31638e+02 3.57246e+00 5.31798e+02
1.21331e+02 3.24875e+01 3.52421e+01 1.77382e+02 4.48996e+00 1.07679e+02 5.84431e+00 3.13366e+02
1.54362e+02 2.91444e+01 1.90064e+01 1.04044e+02 7.84262e+00 1.26013e+02 1.06512e+01 3.57077e+02
2.24967e+02 4.36858e+01 2.47220e+01 1.53212e+02 3.91688e+00 1.50960e+02 4.15596e+00 6.92490e+02
4.89877e+02 4.20319e+01 1.53062e+01 6.76713e+01 9.69546e+00 1.05809e+02 9.25564e+00 2.89262e+02
2.17004e+02 3.25517e+01 2.02616e+01 1.35807e+02 5.56922e+00 1.52733e+02 6.80384e+00 4.96125e+02
1.92253e+02 3.04153e+01 1.72586e+01 9.67345e+01 8.04221e+00 1.29034e+02 1.06623e+01 3.62607e+02
2.11149e+02 3.57528e+01 1.79828e+01 8.56003e+01 8.75202e+00 1.14805e+02 1.18336e+01 2.83208e+02
2.18419e+02 3.01477e+01 1.80908e+01 1.08463e+02 7.34722e+00 1.35681e+02 9.19858e+00 4.02505e+02
2.27755e+02 3.19324e+01 1.58788e+01 8.82444e+01 8.34217e+00 1.28772e+02 1.08696e+01 3.52258e+02
2.65613e+02 3.37754e+01 1.53419e+01 8.96654e+01 8.04893e+00 1.34121e+02 1.02026e+01 3.68538e+02
5.11419e+02 5.29238e+01 1.19221e+01 6.66323e+01 7.62694e+00 1.36424e+02 9.13818e+00 2.78815e+02
8.32990e+02 3.77187e+01 1.06118e+01 4.50773e+01 9.13775e+00 9.53921e+01 4.43642e+00 2.78857e+02
3.11571e+02 1.13830e+02 4.82110e+01 1.40234e+02 1.87457e+00 8.53102e+01 2.05156e+00 7.20563e+02
1.87849e+02 9.13989e+01 2.09104e+01 1.04696e+02 1.01857e+00 1.04037e+02 1.95648e+00 5.72581e+02
2.29923e+02 7.24855e+01 1.45012e+01 8.10829e+01 1.80721e+00 1.22494e+02 5.05587e+00 7.16147e+02
1.90360e+02 7.91390e+01 1.03609e+01 9.18960e+01 2.41706e+00 1.55176e+02 8.97158e+00 3.87457e+02
3.49729e+02 5.11308e+01 7.41483e+00 7.30068e+01 4.17813e+00 1.16294e+02 6.95350e+00 2.56442e+02
1.65193e+02 3.63097e+01 7.33031e+00 8.49555e+01 1.85370e+00 9.01242e+01 7.28100e+00 2.24883e+02
1.11142e+02 5.50611e+01 5.20014e+00 7.06893e+01 9.32784e-01 7.79370e+01 2.40836e+00 2.59181e+02
1.45645e+02 5.38947e+01 4.42890e+00 7.23397e+01 1.49566e+00 6.57660e+01 3.51978e+00 1.67876e+02
1.41815e+02 4.90584e+01 5.42255e+00 8.30926e+01 1.92789e+00 5.41479e+01 4.19142e+00 1.78635e+02
2.24323e+02 1.01653e+02 2.95000e+01 1.91321e+02 1.38549e+00 1.15776e+02 1.16634e+00 4.49542e+02
2.01087e+02 5.91353e+01 5.94461e+00 7.52838e+01 1.81926e+00 7.60033e+01 7.12514e+00 1.70190e+02
2.34162e+02 7.41161e+01 3.00877e+01 2.06190e+02 1.87775e+00 9.14507e+01 1.87467e+00 2.53839e+02
2.42603e+02 5.88028e+01 1.21894e+01 1.27497e+02 1.82299e+00 9.50132e+01 1.30936e+01 2.14040e+02
2.88188e+02 7.14658e+01 1.82678e+01 1.54340e+02 1.94015e+00 8.86565e+01 1.61716e+00 2.21901e+02
2.62569e+02 4.25499e+01 2.78184e+01 1.99314e+02 1.62900e+00 6.27881e+01 1.34194e+00 1.44790e+02
3.01844e+02 8.71015e+01 1.30810e+01 1.44784e+02 2.19450e+00 1.11750e+02 2.95919e+00 2.68573e+02
4.20507e+02 1.00630e+02 2.77453e+01 3.18422e+02 2.79261e+00 1.60026e+02 8.09023e+00 4.15649e+02
2.39680e+02 1.02609e+02 4.25069e+01 1.93579e+02 1.82864e+00 9.04627e+01 3.00567e+00 3.01546e+02
3.57557e+02 1.89139e+02 7.09870e+01 4.09372e+02 2.52747e+00 2.46533e+02 7.22294e+00 5.62279e+02
4.67251e+02 2.69317e+02 1.47120e+02 4.67608e+02 2.55981e+00 2.01334e+02 7.69762e+00 5.95209e+02
2.95141e+02 3.26529e+02 1.61647e+02 3.05055e+02 2.04386e+00 1.63870e+02 5.88080e+00 6.09037e+02
3.30151e+02 3.28387e+02 1.78955e+02 3.67759e+02 2.16499e+00 2.03652e+02 6.92819e+00 6.32858e+02
3.82060e+02 3.98536e+02 1.38738e+01 2.14392e+02 4.35240e+00 1.85548e+02 3.32971e+00 3.92179e+02
3.72862e+02 5.75529e+02 4.41840e+01 1.39697e+02 5.03587e+00 9.25456e+01 2.37851e+00 7.95402e+02
4.58383e+02 7.39451e+02 3.31773e+02 2.07231e+02 4.84141e+00 9.19351e+01 4.95948e+00 1.34979e+03
6.47101e+02 2.92021e+02 1.31080e+01 1.59969e+02 7.42184e+00 2.09796e+02 3.40841e+00 2.29324e+02
1.43361e+03 9.43340e+02 6.81018e+01 1.00076e+02 2.44644e+01 1.74726e+02 3.43642e+00 1.34011e+03
1.75158e+03 9.62173e+02 6.40894e+01 9.25912e+01 3.05264e+01 1.97586e+02 3.78873e+00 1.32890e+03
1.09460e+03 4.78765e+02 1.75455e+01 1.04850e+02 1.73352e+01 1.97759e+02 3.34829e+00 3.42371e+02
4.99981e+02 4.06432e+02 1.94849e+02 2.69745e+02 2.92599e+00 8.16817e+01 6.64890e+00 1.39752e+03
3.79678e+02 5.46381e+02 2.48327e+02 1.50449e+02 4.43562e+00 1.01958e+02 3.83142e+00 6.80601e+03
1.75742e+03 8.62084e+02 6.42701e+01 9.32305e+01 3.11461e+01 2.01858e+02 4.02322e+00 1.95639e+03
9.93789e+02 4.35358e+02 1.77935e+01 8.37121e+01 2.12639e+01 1.70353e+02 3.30788e+00 4.31122e+02
1.13546e+03 6.86019e+02 4.99194e+01 1.16491e+02 1.99590e+01 1.55240e+02 3.74887e+00 3.23159e+03
6.61954e+02 4.51813e+02 4.37706e+01 2.24773e+02 1.34677e+01 1.39211e+02 4.39351e+00 3.67749e+03
2.06697e+02 2.38863e+02 5.16823e+01 7.79164e+01 3.79792e+01 1.32151e+02 2.56001e+00 5.42696e+02
4.80888e+02 4.26851e+02 3.15551e+01 7.05260e+01 2.41091e+01 1.20433e+02 3.12764e+00 6.09929e+02
4.34959e+02 3.14506e+02 5.28031e+01 2.81978e+02 7.86109e+00 1.27270e+02 4.31689e+00 5.11057e+03
4.89348e+02 2.64535e+02 4.31355e+01 2.80343e+02 1.49623e+01 1.47947e+02 6.19503e+00 2.35008e+03
4.73404e+02 1.99633e+02 2.82819e+01 3.40448e+02 7.26440e+00 1.12469e+02 6.90105e+00 2.11216e+03
3.13434e+02 3.19599e+02 7.86967e+01 1.21215e+02 3.68031e+01 2.19037e+02 4.29051e+00 7.80272e+02
3.14387e+02 2.63564e+02 8.50592e+01 1.77531e+02 3.61328e+01 2.52894e+02 6.13711e+00 8.08207e+02
2.86540e+02 9.15606e+01 1.19288e+02 1.25447e+02 5.15701e+01 3.26453e+02 4.64801e+00 4.22089e+02
4.57551e+02 1.26523e+02 8.63930e+01 1.08578e+02 3.22478e+01 2.35068e+02 3.40654e+00 6.47552e+02
4.03747e+02 1.24577e+02 7.93219e+01 1.19696e+02 3.21203e+01 2.54885e+02 5.13540e+00 6.96087e+02
6.75824e+02 9.31646e+01 6.81367e+01 2.81686e+02 1.18570e+01 1.08437e+02 2.23881e+00 6.26226e+02
4.66988e+02 1.20127e+02 7.74186e+01 1.57337e+02 2.94908e+01 1.82995e+02 2.83443e+00 5.58011e+02
6.04424e+02 1.59019e+02 1.13557e+02 2.27306e+02 5.74437e+00 1.66964e+02 5.09319e+00 6.37971e+02
4.94584e+02 1.92695e+02 1.20102e+02 1.68738e+02 5.29858e+00 2.44093e+02 6.26839e+00 7.57791e+02
5.52463e+02 1.83980e+02 6.75152e+01 1.25017e+02 9.69157e+00 1.84100e+02 3.54973e+00 9.03923e+02
4.91484e+02 1.71295e+02 4.87950e+01 1.71564e+02 7.95876e+00 2.23766e+02 3.87372e+00 1.04458e+03
4.46799e+02 1.75485e+02 1.42045e+02 5.09973e+02 5.24491e+00 1.80384e+02 7.02383e+00 7.25385e+02
3.70628e+02 1.88034e+02 1.32807e+02 2.41308e+02 4.32576e+00 3.30808e+02 7.77240e+00 8.39640e+02
2.11242e+02 3.06687e+02 2.61408e+02 2.36037e+02 2.50737e+00 3.45585e+02 1.40596e+01 4.64405e+02
2.56602e+02 2.11259e+02 1.68623e+02 2.26686e+02 3.10487e+00 3.58607e+02 1.04152e+01 7.01264e+02
1.95187e+02 9.69786e+01 6.39357e+01 1.36747e+03 3.60104e+00 1.39172e+02 5.38722e+00 1.46230e+03
2.27431e+02 1.93560e+02 1.54287e+02 5.46697e+02 2.75742e+00 2.45856e+02 1.00456e+01 7.90111e+02
2.46430e+02 1.11352e+02 7.82520e+01 3.65519e+02 2.10699e+00 1.89263e+02 8.63471e+00 7.04594e+02
2.21190e+02 3.53737e+01 1.20341e+01 9.06613e+02 2.92707e+00 2.92460e+02 4.52988e+00 1.02990e+03
2.28679e+02 4.60785e+01 2.11097e+01 7.78261e+02 2.42897e+00 1.79789e+02 5.83943e+00 1.00524e+03
2.80559e+02 3.42234e+01 1.59170e+01 2.10659e+02 2.32830e+00 5.08875e+02 5.34331e+00 3.59478e+02

Initial salt mineral fraction of soil (1 row for each SUBAREA)
CaCO3   MgCO3   CaSO4   MgSO4   NaCl
20.10	0	1.00	0	0
19.07	0	1.02	0	0
15.00	0	1.00	0	0
12.64	0	2.02	0	0
16.96	0	0.00	0	0
8.99	0	1.00	0	0
19.07	0	50.00	0	0
17.00	0	1.00	0	0
21.07	0	1.00	0	0
14.01	0	0.00	0	0
14.01	0	1.00	0	0
16.51	0	0.00	0	0
17.51	0	1.00	0	0
17.00	0	1.00	0	0
17.00	0	3.00	0	0
15.00	0	0.00	0	0
17.45	0	0.00	0	0
15.00	0	0.00	0	0
15.00	0	0.00	0	0
14.01	0	0.00	0	0
16.51	0	0.00	0	0
17.00	0	0.00	0	0
19.02	0	1.00	0	0
15.43	0	0.01	0	0
20.00	0	0.01	0	0
20.00	0	0.00	0	0
11.48	0	0.00	0	0
17.00	0	0.00	0	0
10.51	0	0.00	0	0
14.06	0	0.00	0	0
15.00	0	0.00	0	0
13.49	0	0.00	0	0
18.00	0	0.01	0	0
17.99	0	1.00	0	0
17.00	0	1.00	0	0
20.00	0	1.00	0	0
16.51	0	0.00	0	0
16.51	0	0.01	0	0
23.00	0	3.00	0	0
14.54	0	0.00	0	0
20.30	0	0.01	0	0
17.54	0	1.02	0	0
13.57	0	0.00	0	0
14.97	0	0.00	0	0
10.00	0	0.00	0	0
8.99	0	1.00	0	0
16.07	0	0.00	0	0
18.06	0	0.00	0	0
9.91	0	1.00	0	0
23.75	0	1.00	0	0
19.22	0	0.01	0	0
11.00	0	1.00	0	0
20.00	0	0.00	0	0
15.00	0	0.00	0	0
21.52	0	1.03	0	0
25.52	0	0.01	0	0
24.03	0	2.00	0	0
34.08	0	1.00	0	0
17.51	0	0.00	0	0
14.45	0	1.00	0	0
15.56	0	0.00	0	0
13.49	0	2.02	0	0
26.53	0	2.00	0	0
40.00	0	3.04	0	0
40.00	0	0.01	0	0
21.02	0	4.04	0	0
17.45	0	2.02	0	0
29.53	0	3.00	0	0
10.00	0	2.02	0	0
20.51	0	8.00	0	0
20.00	0	3.08	0	0
21.51	0	3.00	0	0
21.52	0	3.00	0	0
24.97	0	3.05	0	0
23.00	0	3.00	0	0



Irrigation concentration (mg/L) (one row for each SUBAREA) 
SO4     Ca      Mg      Na      K       Cl      CO3     HCO3
0	0	0	0	0	0	0	0
0	0	0	0	0	0	0	0
0	0	0	0	0	0	0	0
0	0	0	0	0	0	0	0
0	0	0	0	0	0	0	0
0	0	0	0	0	0	0	0
0	0	0	0	0	0	0	0
0	0	0	0	0	0	0	0
0	0	0	0	0	0	0	0
0	0	0	0	0	0	0	0
0	0	0	0	0	0	0	0
0	0	0	0	0	0	0	0
0	0	0	0	0	0	0	0
0	0	0	0	0	0	0	0
0	0	0	0	0	0	0	0
0	0	0	0	0	0	0	0
0	0	0	0	0	0	0	0
0	0	0	0	0	0	0	0
0	0	0	0	0	0	0	0
0	0	0	0	0	0	0	0
0	0	0	0	0	0	0	0
0	0	0	0	0	0	0	0
0	0	0	0	0	0	0	0
0	0	0	0	0	0	0	0
0	0	0	0	0	0	0	0
0	0	0	0	0	0	0	0
0	0	0	0	0	0	0	0
0	0	0	0	0	0	0	0
0	0	0	0	0	0	0	0
0	0	0	0	0	0	0	0
0	0	0	0	0	0	0	0
0	0	0	0	0	0	0	0
0	0	0	0	0	0	0	0
0	0	0	0	0	0	0	0
0	0	0	0	0	0	0	0
0	0	0	0	0	0	0	0
0	0	0	0	0	0	0	0
0	0	0	0	0	0	0	0
0	0	0	0	0	0	0	0
0	0	0	0	0	0	0	0
0	0	0	0	0	0	0	0
0	0	0	0	0	0	0	0
0	0	0	0	0	0	0	0
0	0	0	0	0	0	0	0
0	0	0	0	0	0	0	0
0	0	0	0	0	0	0	0
0	0	0	0	0	0	0	0
0	0	0	0	0	0	0	0
0	0	0	0	0	0	0	0
0	0	0	0	0	0	0	0
0	0	0	0	0	0	0	0
0	0	0	0	0	0	0	0
0	0	0	0	0	0	0	0
0	0	0	0	0	0	0	0
0	0	0	0	0	0	0	0
0	0	0	0	0	0	0	0
0	0	0	0	0	0	0	0
0	0	0	0	0	0	0	0
0	0	0	0	0	0	0	0
0	0	0	0	0	0	0	0
0	0	0	0	0	0	0	0
0	0	0	0	0	0	0	0
0	0	0	0	0	0	0	0
0	0	0	0	0	0	0	0
0	0	0	0	0	0	0	0
0	0	0	0	0	0	0	0
0	0	0	0	0	0	0	0
0	0	0	0	0	0	0	0
0	0	0	0	0	0	0	0
0	0	0	0	0	0	0	0
0	0	0	0	0	0	0	0
0	0	0	0	0	0	0	0
0	0	0	0	0	0	0	0
0	0	0	0	0	0	0	0
0	0	0	0	0	0	0	0

