single point
    aquf_caco3                      1.569345959965979e-07    1.000000000000000    0.000000000000000
    aquf_caso4                      2.781552783648771e-06    1.000000000000000    0.000000000000000
    aquf_mgso4                      1.725378841056816e-05    1.000000000000000    0.000000000000000
   soil_caco_h                      24.26288420528943    1.000000000000000    0.000000000000000
   soil_caco_l                      12.91069574910141    1.000000000000000    0.000000000000000
   soil_caco_m                      15.96527573675966    1.000000000000000    0.000000000000000
  soil_caco_mh                      17.72945735616482    1.000000000000000    0.000000000000000
  soil_caco_ml                      14.74143886047772    1.000000000000000    0.000000000000000
   soil_caso_h                      4.899151592557642    1.000000000000000    0.000000000000000
   soil_caso_l                      0.1768281951690342    1.000000000000000    0.000000000000000
   soil_caso_m                      0.9975448032431509    1.000000000000000    0.000000000000000
  soil_caso_mh                      2.378727447113814    1.000000000000000    0.000000000000000
  soil_caso_ml                      0.4927129661049540    1.000000000000000    0.000000000000000
           p12                      1.610000000000000    1.000000000000000    0.000000000000000
           p15                      2.000000000000000e-05    1.000000000000000    0.000000000000000
           p16                      1.450000000000000    1.000000000000000    0.000000000000000
           p17                      0.5000000000000000    1.000000000000000    0.000000000000000
           p20                      0.4000000000000000    1.000000000000000    0.000000000000000
           p23                      0.003200000000000000    1.000000000000000    0.000000000000000
           p25                      1.000000000000000e-05    1.000000000000000    0.000000000000000
           p40                      1.000000000000000    1.000000000000000    0.000000000000000
           p49                      3.170000000000000    1.000000000000000    0.000000000000000
            p5                      0.1150000000000000    1.000000000000000    0.000000000000000
           p50                      0.3000000000000000    1.000000000000000    0.000000000000000
           p51                      0.9000000000000000    1.000000000000000    0.000000000000000
           p61                      0.1150000000000000    1.000000000000000    0.000000000000000
           p90                      1.000000000000000    1.000000000000000    0.000000000000000
           p91                      0.08720000000000000    1.000000000000000    0.000000000000000
           p92                      2.000000000000000    1.000000000000000    0.000000000000000
   rivbot_rg01                      5.000000000000000    1.000000000000000   -5.000000000000000
   rivbot_rg02                      5.000000000000000    1.000000000000000   -5.000000000000000
   rivbot_rg03                      5.000000000000000    1.000000000000000   -5.000000000000000
   rivbot_rg04                      5.000000000000000    1.000000000000000   -5.000000000000000
   rivbot_rg05                      5.000000000000000    1.000000000000000   -5.000000000000000
    rivcd_rg01                      32.99125299993202    1.000000000000000   -50.00000000000000
    rivcd_rg02                      85.08194841334925    1.000000000000000   -50.00000000000000
    rivcd_rg03                      64.50248885235735    1.000000000000000   -50.00000000000000
    rivcd_rg04                      69.69642207403673    1.000000000000000   -50.00000000000000
    rivcd_rg05                      61.10368838030725    1.000000000000000   -50.00000000000000
    salt_ca000                      42.68669778357743    1.000000000000000    0.000000000000000
    salt_ca001                      14.54705683759698    1.000000000000000    0.000000000000000
    salt_ca002                      81.31944611597788    1.000000000000000    0.000000000000000
    salt_ca003                      97.46582138453898    1.000000000000000    0.000000000000000
    salt_ca004                      241.7021121112133    1.000000000000000    0.000000000000000
    salt_ca005                      169.6714618900348    1.000000000000000    0.000000000000000
    salt_ca006                      68.64840496671678    1.000000000000000    0.000000000000000
    salt_ca007                      237.4349421820554    1.000000000000000    0.000000000000000
    salt_ca008                      16.26972139245987    1.000000000000000    0.000000000000000
    salt_ca009                      67.04737419025066    1.000000000000000    0.000000000000000
    salt_ca010                      68.50009642563462    1.000000000000000    0.000000000000000
    salt_ca011                      81.69020606137101    1.000000000000000    0.000000000000000
    salt_ca012                      109.2343899591781    1.000000000000000    0.000000000000000
    salt_ca013                      45.89931445553440    1.000000000000000    0.000000000000000
    salt_ca014                      46.46976020313392    1.000000000000000    0.000000000000000
    salt_ca015                      65.16063521713595    1.000000000000000    0.000000000000000
    salt_ca016                      432.7347191692215    1.000000000000000    0.000000000000000
    salt_ca017                      77.34585182459801    1.000000000000000    0.000000000000000
    salt_ca018                      90.43949790523027    1.000000000000000    0.000000000000000
    salt_ca019                      442.4742921592876    1.000000000000000    0.000000000000000
    salt_ca020                      697.3920898530374    1.000000000000000    0.000000000000000
    salt_ca021                      167.8253944274704    1.000000000000000    0.000000000000000
    salt_ca022                      33.83100498828471    1.000000000000000    0.000000000000000
    salt_ca023                      342.6749974820281    1.000000000000000    0.000000000000000
    salt_ca024                      66.36471934143513    1.000000000000000    0.000000000000000
    salt_ca025                      82.65193098157003    1.000000000000000    0.000000000000000
    salt_ca026                      487.6834054768930    1.000000000000000    0.000000000000000
    salt_ca027                      169.5538000162776    1.000000000000000    0.000000000000000
    salt_ca028                      46.37972265018010    1.000000000000000    0.000000000000000
    salt_ca029                      58.37911881260955    1.000000000000000    0.000000000000000
    salt_ca030                      27.37928880077662    1.000000000000000    0.000000000000000
    salt_ca031                      73.35531113364802    1.000000000000000    0.000000000000000
    salt_ca032                      19.17502641560369    1.000000000000000    0.000000000000000
    salt_ca033                      144.5135222424298    1.000000000000000    0.000000000000000
    salt_ca034                      95.97443225774882    1.000000000000000    0.000000000000000
    salt_ca035                      111.4690734027454    1.000000000000000    0.000000000000000
    salt_ca036                      39.99470147733368    1.000000000000000    0.000000000000000
    salt_cl000                      220.4926629932222    1.000000000000000    0.000000000000000
    salt_cl001                      118.2882165989409    1.000000000000000    0.000000000000000
    salt_cl002                      88.13989495971497    1.000000000000000    0.000000000000000
    salt_cl003                      100.5365668561991    1.000000000000000    0.000000000000000
    salt_cl004                      234.6856636593982    1.000000000000000    0.000000000000000
    salt_cl005                      194.2769181449607    1.000000000000000    0.000000000000000
    salt_cl006                      41.16430462608584    1.000000000000000    0.000000000000000
    salt_cl007                      149.7449162009422    1.000000000000000    0.000000000000000
    salt_cl008                      91.62631851618438    1.000000000000000    0.000000000000000
    salt_cl009                      42.15208980490573    1.000000000000000    0.000000000000000
    salt_cl010                      83.02199283873109    1.000000000000000    0.000000000000000
    salt_cl011                      41.61387795046049    1.000000000000000    0.000000000000000
    salt_cl012                      89.16195241342417    1.000000000000000    0.000000000000000
    salt_cl013                      80.12583059727403    1.000000000000000    0.000000000000000
    salt_cl014                      105.5461919910795    1.000000000000000    0.000000000000000
    salt_cl015                      55.34755927684367    1.000000000000000    0.000000000000000
    salt_cl016                      283.2425339262382    1.000000000000000    0.000000000000000
    salt_cl017                      132.7014678990387    1.000000000000000    0.000000000000000
    salt_cl018                      356.9108618884286    1.000000000000000    0.000000000000000
    salt_cl019                      46.56789309190853    1.000000000000000    0.000000000000000
    salt_cl020                      80.18197655352715    1.000000000000000    0.000000000000000
    salt_cl021                      52.06906452519165    1.000000000000000    0.000000000000000
    salt_cl022                      167.1793454995964    1.000000000000000    0.000000000000000
    salt_cl023                      75.76277945608287    1.000000000000000    0.000000000000000
    salt_cl024                      425.2569037212318    1.000000000000000    0.000000000000000
    salt_cl025                      76.14583679948669    1.000000000000000    0.000000000000000
    salt_cl026                      56.48567496947067    1.000000000000000    0.000000000000000
    salt_cl027                      117.2370640899415    1.000000000000000    0.000000000000000
    salt_cl028                      444.2155093264750    1.000000000000000    0.000000000000000
    salt_cl029                      73.00565732826925    1.000000000000000    0.000000000000000
    salt_cl030                      80.16167455197844    1.000000000000000    0.000000000000000
    salt_cl031                      214.7994591999291    1.000000000000000    0.000000000000000
    salt_cl032                      120.0791238257150    1.000000000000000    0.000000000000000
    salt_cl033                      178.8308975155225    1.000000000000000    0.000000000000000
    salt_cl034                      102.5943547616762    1.000000000000000    0.000000000000000
    salt_cl035                      872.6273715974023    1.000000000000000    0.000000000000000
    salt_cl036                      278.9162570124364    1.000000000000000    0.000000000000000
   salt_co3000                      1.753133972409892    1.000000000000000    0.000000000000000
   salt_co3001                      3.588436854828247    1.000000000000000    0.000000000000000
   salt_co3002                      8.925331389477146    1.000000000000000    0.000000000000000
   salt_co3003                      1.534760464763094    1.000000000000000    0.000000000000000
   salt_co3004                      6.087606623002842    1.000000000000000    0.000000000000000
   salt_co3005                      7.163880548216128    1.000000000000000    0.000000000000000
   salt_co3006                      1.462306557572290    1.000000000000000    0.000000000000000
   salt_co3007                      0.8902860354472606    1.000000000000000    0.000000000000000
   salt_co3008                      3.438663545589082    1.000000000000000    0.000000000000000
   salt_co3009                      1.121023906448068    1.000000000000000    0.000000000000000
   salt_co3010                      8.625909236906670    1.000000000000000    0.000000000000000
   salt_co3011                      2.534872843087311    1.000000000000000    0.000000000000000
   salt_co3012                      5.703654717824832    1.000000000000000    0.000000000000000
   salt_co3013                      4.002459929219506    1.000000000000000    0.000000000000000
   salt_co3014                      2.141655666953884    1.000000000000000    0.000000000000000
   salt_co3015                      4.938279732996907    1.000000000000000    0.000000000000000
   salt_co3016                      3.080347190141961    1.000000000000000    0.000000000000000
   salt_co3017                      4.362471731644454    1.000000000000000    0.000000000000000
   salt_co3018                      4.502961550093461    1.000000000000000    0.000000000000000
   salt_co3019                      1.503379593048438    1.000000000000000    0.000000000000000
   salt_co3020                      3.332221550207453    1.000000000000000    0.000000000000000
   salt_co3021                      2.795907698309504    1.000000000000000    0.000000000000000
   salt_co3022                      3.333456463581669    1.000000000000000    0.000000000000000
   salt_co3023                      2.754398854447250    1.000000000000000    0.000000000000000
   salt_co3024                      2.041367926580686    1.000000000000000    0.000000000000000
   salt_co3025                      1.411912436112677    1.000000000000000    0.000000000000000
   salt_co3026                      2.975030906422329    1.000000000000000    0.000000000000000
   salt_co3027                      1.909818503406110    1.000000000000000    0.000000000000000
   salt_co3028                      5.674082940766640    1.000000000000000    0.000000000000000
   salt_co3029                      10.64715100864825    1.000000000000000    0.000000000000000
   salt_co3030                      1.732112786554763    1.000000000000000    0.000000000000000
   salt_co3031                      3.195357155263457    1.000000000000000    0.000000000000000
   salt_co3032                      2.875166925249908    1.000000000000000    0.000000000000000
   salt_co3033                      20.79435346517798    1.000000000000000    0.000000000000000
   salt_co3034                      1.698448011169654    1.000000000000000    0.000000000000000
   salt_co3035                      6.220967702909517    1.000000000000000    0.000000000000000
   salt_co3036                      13.14113388275577    1.000000000000000    0.000000000000000
  salt_hco3000                      212.6013530887219    1.000000000000000    0.000000000000000
  salt_hco3001                      571.4263389775016    1.000000000000000    0.000000000000000
  salt_hco3002                      199.9429610447376    1.000000000000000    0.000000000000000
  salt_hco3003                      603.3522174944962    1.000000000000000    0.000000000000000
  salt_hco3004                      832.8114637835001    1.000000000000000    0.000000000000000
  salt_hco3005                      153.5826238704877    1.000000000000000    0.000000000000000
  salt_hco3006                      429.7438310161853    1.000000000000000    0.000000000000000
  salt_hco3007                      1213.406270721490    1.000000000000000    0.000000000000000
  salt_hco3008                      190.8699020607841    1.000000000000000    0.000000000000000
  salt_hco3009                      150.2823643617149    1.000000000000000    0.000000000000000
  salt_hco3010                      588.1398892501893    1.000000000000000    0.000000000000000
  salt_hco3011                      127.2622639633865    1.000000000000000    0.000000000000000
  salt_hco3012                      314.8536172043953    1.000000000000000    0.000000000000000
  salt_hco3013                      116.5396731556033    1.000000000000000    0.000000000000000
  salt_hco3014                      167.2621353872410    1.000000000000000    0.000000000000000
  salt_hco3015                      277.8376816776712    1.000000000000000    0.000000000000000
  salt_hco3016                      468.8843951850154    1.000000000000000    0.000000000000000
  salt_hco3017                      408.7417611640726    1.000000000000000    0.000000000000000
  salt_hco3018                      170.4629477525146    1.000000000000000    0.000000000000000
  salt_hco3019                      1615.310841491192    1.000000000000000    0.000000000000000
  salt_hco3020                      419.0444340762859    1.000000000000000    0.000000000000000
  salt_hco3021                      338.1802614843968    1.000000000000000    0.000000000000000
  salt_hco3022                      212.9117475586671    1.000000000000000    0.000000000000000
  salt_hco3023                      231.4254697157743    1.000000000000000    0.000000000000000
  salt_hco3024                      5203.080795890407    1.000000000000000    0.000000000000000
  salt_hco3025                      525.2339188313833    1.000000000000000    0.000000000000000
  salt_hco3026                      555.0680285002468    1.000000000000000    0.000000000000000
  salt_hco3027                      1086.463718740953    1.000000000000000    0.000000000000000
  salt_hco3028                      318.7125457918210    1.000000000000000    0.000000000000000
  salt_hco3029                      1416.181782290461    1.000000000000000    0.000000000000000
  salt_hco3030                      551.6360019485435    1.000000000000000    0.000000000000000
  salt_hco3031                      1120.092047054833    1.000000000000000    0.000000000000000
  salt_hco3032                      1198.781635657578    1.000000000000000    0.000000000000000
  salt_hco3033                      271.4151164097329    1.000000000000000    0.000000000000000
  salt_hco3034                      730.1886975798208    1.000000000000000    0.000000000000000
  salt_hco3035                      236.3850748175481    1.000000000000000    0.000000000000000
  salt_hco3036                      601.2605413363334    1.000000000000000    0.000000000000000
     salt_k000                      0.7481912977411526    1.000000000000000    0.000000000000000
     salt_k001                      3.204566060682561    1.000000000000000    0.000000000000000
     salt_k002                      6.780799886406797    1.000000000000000    0.000000000000000
     salt_k003                      4.810543546730856    1.000000000000000    0.000000000000000
     salt_k004                      1.756688065620197    1.000000000000000    0.000000000000000
     salt_k005                      2.923290662811656    1.000000000000000    0.000000000000000
     salt_k006                      6.106744592485578    1.000000000000000    0.000000000000000
     salt_k007                      0.4140375282057746    1.000000000000000    0.000000000000000
     salt_k008                      0.7090976939206417    1.000000000000000    0.000000000000000
     salt_k009                      6.219866761245900    1.000000000000000    0.000000000000000
     salt_k010                      2.921127629358073    1.000000000000000    0.000000000000000
     salt_k011                      0.6591052063243340    1.000000000000000    0.000000000000000
     salt_k012                      3.909027154922007    1.000000000000000    0.000000000000000
     salt_k013                      1.478340731554270    1.000000000000000    0.000000000000000
     salt_k014                      0.9941272681780497    1.000000000000000    0.000000000000000
     salt_k015                      1.678720207399757    1.000000000000000    0.000000000000000
     salt_k016                      4.487417718977701    1.000000000000000    0.000000000000000
     salt_k017                      2.308599295934435    1.000000000000000    0.000000000000000
     salt_k018                      0.8990648694032080    1.000000000000000    0.000000000000000
     salt_k019                      2.431594739106160    1.000000000000000    0.000000000000000
     salt_k020                      0.9127258655727681    1.000000000000000    0.000000000000000
     salt_k021                      1.114526917759643    1.000000000000000    0.000000000000000
     salt_k022                      1.935872540016808    1.000000000000000    0.000000000000000
     salt_k023                      16.17960015944355    1.000000000000000    0.000000000000000
     salt_k024                      3.555943065053944    1.000000000000000    0.000000000000000
     salt_k025                      35.66878414604130    1.000000000000000    0.000000000000000
     salt_k026                      1.859484539171349    1.000000000000000    0.000000000000000
     salt_k027                      4.058485375790822    1.000000000000000    0.000000000000000
     salt_k028                      6.277539625961192    1.000000000000000    0.000000000000000
     salt_k029                      5.931847424697767    1.000000000000000    0.000000000000000
     salt_k030                      7.067259976328709    1.000000000000000    0.000000000000000
     salt_k031                      6.443558249241985    1.000000000000000    0.000000000000000
     salt_k032                      3.373685256250833    1.000000000000000    0.000000000000000
     salt_k033                      1.735552832506882    1.000000000000000    0.000000000000000
     salt_k034                      6.949652712826991    1.000000000000000    0.000000000000000
     salt_k035                      2.437349979582166    1.000000000000000    0.000000000000000
     salt_k036                      1.373092507836462    1.000000000000000    0.000000000000000
    salt_mg000                      50.49832426917462    1.000000000000000    0.000000000000000
    salt_mg001                      6.636659420450146    1.000000000000000    0.000000000000000
    salt_mg002                      34.19751762412157    1.000000000000000    0.000000000000000
    salt_mg003                      34.50168886911899    1.000000000000000    0.000000000000000
    salt_mg004                      17.57869266154389    1.000000000000000    0.000000000000000
    salt_mg005                      13.18482233353270    1.000000000000000    0.000000000000000
    salt_mg006                      20.04765125217592    1.000000000000000    0.000000000000000
    salt_mg007                      19.80441786962671    1.000000000000000    0.000000000000000
    salt_mg008                      2.545731485276354    1.000000000000000    0.000000000000000
    salt_mg009                      15.11135287698763    1.000000000000000    0.000000000000000
    salt_mg010                      11.13590767874492    1.000000000000000    0.000000000000000
    salt_mg011                      23.19083737776313    1.000000000000000    0.000000000000000
    salt_mg012                      8.875420685711671    1.000000000000000    0.000000000000000
    salt_mg013                      9.725087856626502    1.000000000000000    0.000000000000000
    salt_mg014                      11.54171638662647    1.000000000000000    0.000000000000000
    salt_mg015                      17.22654561135527    1.000000000000000    0.000000000000000
    salt_mg016                      46.62311619359971    1.000000000000000    0.000000000000000
    salt_mg017                      24.11480414993042    1.000000000000000    0.000000000000000
    salt_mg018                      9.196548771706654    1.000000000000000    0.000000000000000
    salt_mg019                      23.47574308527261    1.000000000000000    0.000000000000000
    salt_mg020                      118.5012331514985    1.000000000000000    0.000000000000000
    salt_mg021                      23.78587666690959    1.000000000000000    0.000000000000000
    salt_mg022                      13.18250865028095    1.000000000000000    0.000000000000000
    salt_mg023                      8.024865686147491    1.000000000000000    0.000000000000000
    salt_mg024                      34.73998744861984    1.000000000000000    0.000000000000000
    salt_mg025                      67.54088561271254    1.000000000000000    0.000000000000000
    salt_mg026                      26.16841100382407    1.000000000000000    0.000000000000000
    salt_mg027                      18.52913437414157    1.000000000000000    0.000000000000000
    salt_mg028                      51.75358548028330    1.000000000000000    0.000000000000000
    salt_mg029                      25.73515341957679    1.000000000000000    0.000000000000000
    salt_mg030                      42.63460094707202    1.000000000000000    0.000000000000000
    salt_mg031                      25.41065742156289    1.000000000000000    0.000000000000000
    salt_mg032                      14.16939658505552    1.000000000000000    0.000000000000000
    salt_mg033                      60.01098445081729    1.000000000000000    0.000000000000000
    salt_mg034                      12.95155128948429    1.000000000000000    0.000000000000000
    salt_mg035                      16.20243411417046    1.000000000000000    0.000000000000000
    salt_mg036                      8.146772960874157    1.000000000000000    0.000000000000000
    salt_na000                      295.4926441653244    1.000000000000000    0.000000000000000
    salt_na001                      203.0642050267409    1.000000000000000    0.000000000000000
    salt_na002                      60.84795223061601    1.000000000000000    0.000000000000000
    salt_na003                      111.6645526618433    1.000000000000000    0.000000000000000
    salt_na004                      62.36958246424563    1.000000000000000    0.000000000000000
    salt_na005                      43.33206522198402    1.000000000000000    0.000000000000000
    salt_na006                      28.35911494435496    1.000000000000000    0.000000000000000
    salt_na007                      150.8517531848728    1.000000000000000    0.000000000000000
    salt_na008                      104.0435039718311    1.000000000000000    0.000000000000000
    salt_na009                      329.0190593287701    1.000000000000000    0.000000000000000
    salt_na010                      67.25999883596232    1.000000000000000    0.000000000000000
    salt_na011                      125.6848042212327    1.000000000000000    0.000000000000000
    salt_na012                      84.43306626480134    1.000000000000000    0.000000000000000
    salt_na013                      85.82812840863978    1.000000000000000    0.000000000000000
    salt_na014                      77.04603958543952    1.000000000000000    0.000000000000000
    salt_na015                      123.7258418293492    1.000000000000000    0.000000000000000
    salt_na016                      363.4804450653281    1.000000000000000    0.000000000000000
    salt_na017                      177.1376988901227    1.000000000000000    0.000000000000000
    salt_na018                      258.0897415277145    1.000000000000000    0.000000000000000
    salt_na019                      169.5406992977451    1.000000000000000    0.000000000000000
    salt_na020                      225.8848014287226    1.000000000000000    0.000000000000000
    salt_na021                      288.0303191684931    1.000000000000000    0.000000000000000
    salt_na022                      45.54265837471693    1.000000000000000    0.000000000000000
    salt_na023                      201.3098365950706    1.000000000000000    0.000000000000000
    salt_na024                      65.86727038334276    1.000000000000000    0.000000000000000
    salt_na025                      123.7595068321007    1.000000000000000    0.000000000000000
    salt_na026                      75.87671954704234    1.000000000000000    0.000000000000000
    salt_na027                      435.4215384554641    1.000000000000000    0.000000000000000
    salt_na028                      52.41291986584702    1.000000000000000    0.000000000000000
    salt_na029                      154.6499726807965    1.000000000000000    0.000000000000000
    salt_na030                      225.6306987745126    1.000000000000000    0.000000000000000
    salt_na031                      88.60467690169288    1.000000000000000    0.000000000000000
    salt_na032                      1220.239979785619    1.000000000000000    0.000000000000000
    salt_na033                      42.99384838848577    1.000000000000000    0.000000000000000
    salt_na034                      573.5067481616375    1.000000000000000    0.000000000000000
    salt_na035                      38.90579473929167    1.000000000000000    0.000000000000000
    salt_na036                      187.4915511290756    1.000000000000000    0.000000000000000
   salt_so4000                      97.68699783559447    1.000000000000000    0.000000000000000
   salt_so4001                      176.2629458834605    1.000000000000000    0.000000000000000
   salt_so4002                      335.9744194337718    1.000000000000000    0.000000000000000
   salt_so4003                      357.7220213564572    1.000000000000000    0.000000000000000
   salt_so4004                      301.6925888527729    1.000000000000000    0.000000000000000
   salt_so4005                      235.7558984042424    1.000000000000000    0.000000000000000
   salt_so4006                      621.3924847712633    1.000000000000000    0.000000000000000
   salt_so4007                      163.2167287691784    1.000000000000000    0.000000000000000
   salt_so4008                      82.13192077003677    1.000000000000000    0.000000000000000
   salt_so4009                      192.5638529390651    1.000000000000000    0.000000000000000
   salt_so4010                      171.7243493319396    1.000000000000000    0.000000000000000
   salt_so4011                      301.1242293975972    1.000000000000000    0.000000000000000
   salt_so4012                      789.2642631444411    1.000000000000000    0.000000000000000
   salt_so4013                      57.88961523188438    1.000000000000000    0.000000000000000
   salt_so4014                      369.6266376112412    1.000000000000000    0.000000000000000
   salt_so4015                      189.1024502489417    1.000000000000000    0.000000000000000
   salt_so4016                      189.9345399023537    1.000000000000000    0.000000000000000
   salt_so4017                      1059.879016529798    1.000000000000000    0.000000000000000
   salt_so4018                      281.3354088368675    1.000000000000000    0.000000000000000
   salt_so4019                      138.7878024359630    1.000000000000000    0.000000000000000
   salt_so4020                      412.0391962978329    1.000000000000000    0.000000000000000
   salt_so4021                      726.7028396118075    1.000000000000000    0.000000000000000
   salt_so4022                      191.7962012237071    1.000000000000000    0.000000000000000
   salt_so4023                      2392.657806696387    1.000000000000000    0.000000000000000
   salt_so4024                      201.1025146737162    1.000000000000000    0.000000000000000
   salt_so4025                      109.6913107314700    1.000000000000000    0.000000000000000
   salt_so4026                      424.8995047675489    1.000000000000000    0.000000000000000
   salt_so4027                      753.3742874694517    1.000000000000000    0.000000000000000
   salt_so4028                      63.69029358617392    1.000000000000000    0.000000000000000
   salt_so4029                      479.0198365610905    1.000000000000000    0.000000000000000
   salt_so4030                      524.2054075836412    1.000000000000000    0.000000000000000
   salt_so4031                      222.2401454650235    1.000000000000000    0.000000000000000
   salt_so4032                      189.6924771732754    1.000000000000000    0.000000000000000
   salt_so4033                      187.6196571430435    1.000000000000000    0.000000000000000
   salt_so4034                      538.4942475983454    1.000000000000000    0.000000000000000
   salt_so4035                      344.3947968663637    1.000000000000000    0.000000000000000
   salt_so4036                      185.9399022220759    1.000000000000000    0.000000000000000
