single point
    aquf_caco3                      1.776313311730749e-08    1.000000000000000    0.000000000000000
    aquf_caso4                      9.463788532966916e-06    1.000000000000000    0.000000000000000
    aquf_mgso4                      5.804546027278759e-05    1.000000000000000    0.000000000000000
   soil_caco_h                      23.92484583414011    1.000000000000000    0.000000000000000
   soil_caco_l                      12.89307214896010    1.000000000000000    0.000000000000000
   soil_caco_m                      16.08107252226025    1.000000000000000    0.000000000000000
  soil_caco_mh                      17.75463686486032    1.000000000000000    0.000000000000000
  soil_caco_ml                      14.90688997059291    1.000000000000000    0.000000000000000
   soil_caso_h                      4.742012739335018    1.000000000000000    0.000000000000000
   soil_caso_l                      0.1576841930331467    1.000000000000000    0.000000000000000
   soil_caso_m                      1.008524165925905    1.000000000000000    0.000000000000000
  soil_caso_mh                      2.204010521737395    1.000000000000000    0.000000000000000
  soil_caso_ml                      0.5156873756523018    1.000000000000000    0.000000000000000
           p12                      1.610000000000000    1.000000000000000    0.000000000000000
           p15                      2.000000000000000e-05    1.000000000000000    0.000000000000000
           p16                      1.450000000000000    1.000000000000000    0.000000000000000
           p17                      0.5000000000000000    1.000000000000000    0.000000000000000
           p20                      0.4000000000000000    1.000000000000000    0.000000000000000
           p23                      0.003200000000000000    1.000000000000000    0.000000000000000
           p25                      1.000000000000000e-05    1.000000000000000    0.000000000000000
           p40                      1.000000000000000    1.000000000000000    0.000000000000000
           p49                      3.170000000000000    1.000000000000000    0.000000000000000
            p5                      0.1150000000000000    1.000000000000000    0.000000000000000
           p50                      0.3000000000000000    1.000000000000000    0.000000000000000
           p51                      0.9000000000000000    1.000000000000000    0.000000000000000
           p61                      0.1150000000000000    1.000000000000000    0.000000000000000
           p90                      1.000000000000000    1.000000000000000    0.000000000000000
           p91                      0.08720000000000000    1.000000000000000    0.000000000000000
           p92                      2.000000000000000    1.000000000000000    0.000000000000000
   rivbot_rg01                      5.000000000000000    1.000000000000000   -5.000000000000000
   rivbot_rg02                      5.000000000000000    1.000000000000000   -5.000000000000000
   rivbot_rg03                      5.000000000000000    1.000000000000000   -5.000000000000000
   rivbot_rg04                      5.000000000000000    1.000000000000000   -5.000000000000000
   rivbot_rg05                      5.000000000000000    1.000000000000000   -5.000000000000000
    rivcd_rg01                      25.10255340595332    1.000000000000000   -50.00000000000000
    rivcd_rg02                      99.66845937695777    1.000000000000000   -50.00000000000000
    rivcd_rg03                      34.40938953406698    1.000000000000000   -50.00000000000000
    rivcd_rg04                      90.18100338540992    1.000000000000000   -50.00000000000000
    rivcd_rg05                      65.85828678030568    1.000000000000000   -50.00000000000000
    salt_ca000                      31.74351669355050    1.000000000000000    0.000000000000000
    salt_ca001                      5.307058901252450    1.000000000000000    0.000000000000000
    salt_ca002                      34.84817487822696    1.000000000000000    0.000000000000000
    salt_ca003                      118.8785553181782    1.000000000000000    0.000000000000000
    salt_ca004                      65.29680890982138    1.000000000000000    0.000000000000000
    salt_ca005                      133.6213144622284    1.000000000000000    0.000000000000000
    salt_ca006                      22.91895302869203    1.000000000000000    0.000000000000000
    salt_ca007                      168.7668841881025    1.000000000000000    0.000000000000000
    salt_ca008                      45.20933125947609    1.000000000000000    0.000000000000000
    salt_ca009                      43.16865292330194    1.000000000000000    0.000000000000000
    salt_ca010                      31.70928749912698    1.000000000000000    0.000000000000000
    salt_ca011                      13.42307876505182    1.000000000000000    0.000000000000000
    salt_ca012                      97.71317187889566    1.000000000000000    0.000000000000000
    salt_ca013                      42.36171676572026    1.000000000000000    0.000000000000000
    salt_ca014                      17.04832483825591    1.000000000000000    0.000000000000000
    salt_ca015                      39.37920629730023    1.000000000000000    0.000000000000000
    salt_ca016                      176.9080140604231    1.000000000000000    0.000000000000000
    salt_ca017                      48.29153113006571    1.000000000000000    0.000000000000000
    salt_ca018                      206.2479698367140    1.000000000000000    0.000000000000000
    salt_ca019                      1292.234252035662    1.000000000000000    0.000000000000000
    salt_ca020                      995.5111387653764    1.000000000000000    0.000000000000000
    salt_ca021                      988.0034555459396    1.000000000000000    0.000000000000000
    salt_ca022                      12.00658653584783    1.000000000000000    0.000000000000000
    salt_ca023                      1040.390244314252    1.000000000000000    0.000000000000000
    salt_ca024                      301.9092660611150    1.000000000000000    0.000000000000000
    salt_ca025                      166.4743632088797    1.000000000000000    0.000000000000000
    salt_ca026                      726.6535841812477    1.000000000000000    0.000000000000000
    salt_ca027                      221.2966469613368    1.000000000000000    0.000000000000000
    salt_ca028                      11.91911248333640    1.000000000000000    0.000000000000000
    salt_ca029                      48.55016265521568    1.000000000000000    0.000000000000000
    salt_ca030                      65.36858711509069    1.000000000000000    0.000000000000000
    salt_ca031                      244.2713743681899    1.000000000000000    0.000000000000000
    salt_ca032                      39.24142117209677    1.000000000000000    0.000000000000000
    salt_ca033                      414.5782337179257    1.000000000000000    0.000000000000000
    salt_ca034                      36.29301306606969    1.000000000000000    0.000000000000000
    salt_ca035                      22.67382315031648    1.000000000000000    0.000000000000000
    salt_ca036                      18.67789564710343    1.000000000000000    0.000000000000000
    salt_cl000                      78.78540176609198    1.000000000000000    0.000000000000000
    salt_cl001                      154.0249119059878    1.000000000000000    0.000000000000000
    salt_cl002                      119.2056934975830    1.000000000000000    0.000000000000000
    salt_cl003                      28.09269448699884    1.000000000000000    0.000000000000000
    salt_cl004                      130.0434520737971    1.000000000000000    0.000000000000000
    salt_cl005                      245.2401253709355    1.000000000000000    0.000000000000000
    salt_cl006                      58.55775460908453    1.000000000000000    0.000000000000000
    salt_cl007                      182.1476695196497    1.000000000000000    0.000000000000000
    salt_cl008                      68.12758914057069    1.000000000000000    0.000000000000000
    salt_cl009                      24.29495679174169    1.000000000000000    0.000000000000000
    salt_cl010                      158.5885975297331    1.000000000000000    0.000000000000000
    salt_cl011                      37.12115348128751    1.000000000000000    0.000000000000000
    salt_cl012                      92.46093719640243    1.000000000000000    0.000000000000000
    salt_cl013                      84.41280687568636    1.000000000000000    0.000000000000000
    salt_cl014                      74.61065404273442    1.000000000000000    0.000000000000000
    salt_cl015                      18.33836237573811    1.000000000000000    0.000000000000000
    salt_cl016                      341.2231424457585    1.000000000000000    0.000000000000000
    salt_cl017                      78.93282005655331    1.000000000000000    0.000000000000000
    salt_cl018                      273.8775962216985    1.000000000000000    0.000000000000000
    salt_cl019                      22.53988998294287    1.000000000000000    0.000000000000000
    salt_cl020                      12.65630620303438    1.000000000000000    0.000000000000000
    salt_cl021                      24.40017648790631    1.000000000000000    0.000000000000000
    salt_cl022                      187.2736865866162    1.000000000000000    0.000000000000000
    salt_cl023                      276.1364399290133    1.000000000000000    0.000000000000000
    salt_cl024                      147.8435781494971    1.000000000000000    0.000000000000000
    salt_cl025                      75.86231075935331    1.000000000000000    0.000000000000000
    salt_cl026                      43.19899036011817    1.000000000000000    0.000000000000000
    salt_cl027                      110.0831501015442    1.000000000000000    0.000000000000000
    salt_cl028                      536.3877183788568    1.000000000000000    0.000000000000000
    salt_cl029                      65.60817228425111    1.000000000000000    0.000000000000000
    salt_cl030                      55.61647561134299    1.000000000000000    0.000000000000000
    salt_cl031                      130.4308328026532    1.000000000000000    0.000000000000000
    salt_cl032                      76.99487803278284    1.000000000000000    0.000000000000000
    salt_cl033                      405.8201219780509    1.000000000000000    0.000000000000000
    salt_cl034                      418.6943618023262    1.000000000000000    0.000000000000000
    salt_cl035                      742.4611047020436    1.000000000000000    0.000000000000000
    salt_cl036                      118.1410197911378    1.000000000000000    0.000000000000000
   salt_co3000                      2.469211679885936    1.000000000000000    0.000000000000000
   salt_co3001                      1.790808471804696    1.000000000000000    0.000000000000000
   salt_co3002                      16.69152015637334    1.000000000000000    0.000000000000000
   salt_co3003                      1.539694075407142    1.000000000000000    0.000000000000000
   salt_co3004                      4.983946946640055    1.000000000000000    0.000000000000000
   salt_co3005                      18.39848244398451    1.000000000000000    0.000000000000000
   salt_co3006                      0.6825013297817143    1.000000000000000    0.000000000000000
   salt_co3007                      0.7616342767897479    1.000000000000000    0.000000000000000
   salt_co3008                      0.8909609217183574    1.000000000000000    0.000000000000000
   salt_co3009                      0.6717222770863660    1.000000000000000    0.000000000000000
   salt_co3010                      9.868067692339391    1.000000000000000    0.000000000000000
   salt_co3011                      0.6453401057978781    1.000000000000000    0.000000000000000
   salt_co3012                      1.787181510078175    1.000000000000000    0.000000000000000
   salt_co3013                      21.90397491716745    1.000000000000000    0.000000000000000
   salt_co3014                      0.6762943095073797    1.000000000000000    0.000000000000000
   salt_co3015                      2.092628684114498    1.000000000000000    0.000000000000000
   salt_co3016                      9.179113217499221    1.000000000000000    0.000000000000000
   salt_co3017                      3.680929394577873    1.000000000000000    0.000000000000000
   salt_co3018                      4.437093277899970    1.000000000000000    0.000000000000000
   salt_co3019                      0.7889621194302320    1.000000000000000    0.000000000000000
   salt_co3020                      9.072165880624397    1.000000000000000    0.000000000000000
   salt_co3021                      7.166192536683615    1.000000000000000    0.000000000000000
   salt_co3022                      2.806039345548809    1.000000000000000    0.000000000000000
   salt_co3023                      4.837005064596184    1.000000000000000    0.000000000000000
   salt_co3024                      0.8067380674258523    1.000000000000000    0.000000000000000
   salt_co3025                      1.350888793717011    1.000000000000000    0.000000000000000
   salt_co3026                      3.904021958271273    1.000000000000000    0.000000000000000
   salt_co3027                      6.276549381883815    1.000000000000000    0.000000000000000
   salt_co3028                      6.923484950020428    1.000000000000000    0.000000000000000
   salt_co3029                      10.29748322912154    1.000000000000000    0.000000000000000
   salt_co3030                      0.8676829205575591    1.000000000000000    0.000000000000000
   salt_co3031                      2.164937534721809    1.000000000000000    0.000000000000000
   salt_co3032                      2.637171561053853    1.000000000000000    0.000000000000000
   salt_co3033                      18.81016757748168    1.000000000000000    0.000000000000000
   salt_co3034                      2.790252178439610    1.000000000000000    0.000000000000000
   salt_co3035                      5.055834775813713    1.000000000000000    0.000000000000000
   salt_co3036                      7.495397145838469    1.000000000000000    0.000000000000000
  salt_hco3000                      164.3808729664445    1.000000000000000    0.000000000000000
  salt_hco3001                      685.3283280011564    1.000000000000000    0.000000000000000
  salt_hco3002                      254.4381351933583    1.000000000000000    0.000000000000000
  salt_hco3003                      624.0565046774290    1.000000000000000    0.000000000000000
  salt_hco3004                      1120.824844773615    1.000000000000000    0.000000000000000
  salt_hco3005                      129.9341135604032    1.000000000000000    0.000000000000000
  salt_hco3006                      217.4657684250322    1.000000000000000    0.000000000000000
  salt_hco3007                      773.1569084057314    1.000000000000000    0.000000000000000
  salt_hco3008                      144.7217500230430    1.000000000000000    0.000000000000000
  salt_hco3009                      174.6888503787170    1.000000000000000    0.000000000000000
  salt_hco3010                      391.6067377214014    1.000000000000000    0.000000000000000
  salt_hco3011                      35.33126801613103    1.000000000000000    0.000000000000000
  salt_hco3012                      189.3610149662996    1.000000000000000    0.000000000000000
  salt_hco3013                      117.8093638429148    1.000000000000000    0.000000000000000
  salt_hco3014                      70.55902374866790    1.000000000000000    0.000000000000000
  salt_hco3015                      253.2580494675749    1.000000000000000    0.000000000000000
  salt_hco3016                      672.1692508679464    1.000000000000000    0.000000000000000
  salt_hco3017                      663.7070160789081    1.000000000000000    0.000000000000000
  salt_hco3018                      45.46171042600803    1.000000000000000    0.000000000000000
  salt_hco3019                      1658.985948705501    1.000000000000000    0.000000000000000
  salt_hco3020                      651.2510671968546    1.000000000000000    0.000000000000000
  salt_hco3021                      59.33381792151332    1.000000000000000    0.000000000000000
  salt_hco3022                      109.8495997184639    1.000000000000000    0.000000000000000
  salt_hco3023                      173.9497412983142    1.000000000000000    0.000000000000000
  salt_hco3024                      11905.85511145874    1.000000000000000    0.000000000000000
  salt_hco3025                      519.3683615418532    1.000000000000000    0.000000000000000
  salt_hco3026                      968.8823252406352    1.000000000000000    0.000000000000000
  salt_hco3027                      1395.596894863430    1.000000000000000    0.000000000000000
  salt_hco3028                      110.8211824774873    1.000000000000000    0.000000000000000
  salt_hco3029                      685.8707010337673    1.000000000000000    0.000000000000000
  salt_hco3030                      542.7092010141524    1.000000000000000    0.000000000000000
  salt_hco3031                      1145.109449225434    1.000000000000000    0.000000000000000
  salt_hco3032                      2114.790811841354    1.000000000000000    0.000000000000000
  salt_hco3033                      125.9010956500083    1.000000000000000    0.000000000000000
  salt_hco3034                      1373.386755469428    1.000000000000000    0.000000000000000
  salt_hco3035                      83.53696782875765    1.000000000000000    0.000000000000000
  salt_hco3036                      490.2682570590446    1.000000000000000    0.000000000000000
     salt_k000                      1.417212369578420    1.000000000000000    0.000000000000000
     salt_k001                      4.887578913760790    1.000000000000000    0.000000000000000
     salt_k002                      10.69784911818408    1.000000000000000    0.000000000000000
     salt_k003                      2.491408837997317    1.000000000000000    0.000000000000000
     salt_k004                      1.495137598110200    1.000000000000000    0.000000000000000
     salt_k005                      1.528071361780167    1.000000000000000    0.000000000000000
     salt_k006                      12.02503281554897    1.000000000000000    0.000000000000000
     salt_k007                      0.6008187013832902    1.000000000000000    0.000000000000000
     salt_k008                      0.3052759864668366    1.000000000000000    0.000000000000000
     salt_k009                      2.493473970363693    1.000000000000000    0.000000000000000
     salt_k010                      2.034731103035831    1.000000000000000    0.000000000000000
     salt_k011                      1.307899818153818    1.000000000000000    0.000000000000000
     salt_k012                      3.629731002401815    1.000000000000000    0.000000000000000
     salt_k013                      0.8653042504550947    1.000000000000000    0.000000000000000
     salt_k014                      0.5899132818247763    1.000000000000000    0.000000000000000
     salt_k015                      1.219825243611816    1.000000000000000    0.000000000000000
     salt_k016                      2.725604633038626    1.000000000000000    0.000000000000000
     salt_k017                      3.584810451051605    1.000000000000000    0.000000000000000
     salt_k018                      1.308329047829660    1.000000000000000    0.000000000000000
     salt_k019                      3.158249476550305    1.000000000000000    0.000000000000000
     salt_k020                      0.3659412610306224    1.000000000000000    0.000000000000000
     salt_k021                      0.8149072493049889    1.000000000000000    0.000000000000000
     salt_k022                      1.433252520413663    1.000000000000000    0.000000000000000
     salt_k023                      49.35381247548938    1.000000000000000    0.000000000000000
     salt_k024                      6.022031065908493    1.000000000000000    0.000000000000000
     salt_k025                      43.40158442919585    1.000000000000000    0.000000000000000
     salt_k026                      0.9973547602510300    1.000000000000000    0.000000000000000
     salt_k027                      6.877445679257901    1.000000000000000    0.000000000000000
     salt_k028                      85.40655617627534    1.000000000000000    0.000000000000000
     salt_k029                      2.778159538276234    1.000000000000000    0.000000000000000
     salt_k030                      6.755112776657607    1.000000000000000    0.000000000000000
     salt_k031                      7.334677217414093    1.000000000000000    0.000000000000000
     salt_k032                      3.454692254335806    1.000000000000000    0.000000000000000
     salt_k033                      1.597218655218414    1.000000000000000    0.000000000000000
     salt_k034                      5.047820165976808    1.000000000000000    0.000000000000000
     salt_k035                      1.930716364548204    1.000000000000000    0.000000000000000
     salt_k036                      1.399630509339842    1.000000000000000    0.000000000000000
    salt_mg000                      49.91046786536565    1.000000000000000    0.000000000000000
    salt_mg001                      24.69646894236837    1.000000000000000    0.000000000000000
    salt_mg002                      10.79224474972861    1.000000000000000    0.000000000000000
    salt_mg003                      77.41323310614251    1.000000000000000    0.000000000000000
    salt_mg004                      6.149679179204121    1.000000000000000    0.000000000000000
    salt_mg005                      9.640607046539499    1.000000000000000    0.000000000000000
    salt_mg006                      8.693378180836683    1.000000000000000    0.000000000000000
    salt_mg007                      27.88428903056316    1.000000000000000    0.000000000000000
    salt_mg008                      2.972840737907560    1.000000000000000    0.000000000000000
    salt_mg009                      5.592933498580012    1.000000000000000    0.000000000000000
    salt_mg010                      5.436727504824224    1.000000000000000    0.000000000000000
    salt_mg011                      31.91108966645352    1.000000000000000    0.000000000000000
    salt_mg012                      3.660216383627560    1.000000000000000    0.000000000000000
    salt_mg013                      7.047216724888621    1.000000000000000    0.000000000000000
    salt_mg014                      14.39810534979905    1.000000000000000    0.000000000000000
    salt_mg015                      33.50722453185412    1.000000000000000    0.000000000000000
    salt_mg016                      42.18959681513065    1.000000000000000    0.000000000000000
    salt_mg017                      51.52629124609773    1.000000000000000    0.000000000000000
    salt_mg018                      4.374389201068369    1.000000000000000    0.000000000000000
    salt_mg019                      21.49513036315695    1.000000000000000    0.000000000000000
    salt_mg020                      1137.289281780969    1.000000000000000    0.000000000000000
    salt_mg021                      7.337284403432693    1.000000000000000    0.000000000000000
    salt_mg022                      18.62723537478157    1.000000000000000    0.000000000000000
    salt_mg023                      3.060370854017306    1.000000000000000    0.000000000000000
    salt_mg024                      73.55462653125598    1.000000000000000    0.000000000000000
    salt_mg025                      34.73011228367291    1.000000000000000    0.000000000000000
    salt_mg026                      20.10504359088272    1.000000000000000    0.000000000000000
    salt_mg027                      24.78784048448443    1.000000000000000    0.000000000000000
    salt_mg028                      191.8538292600332    1.000000000000000    0.000000000000000
    salt_mg029                      2.399034236867840    1.000000000000000    0.000000000000000
    salt_mg030                      54.14308056436786    1.000000000000000    0.000000000000000
    salt_mg031                      30.77849467240765    1.000000000000000    0.000000000000000
    salt_mg032                      8.630325184480213    1.000000000000000    0.000000000000000
    salt_mg033                      364.0755694011160    1.000000000000000    0.000000000000000
    salt_mg034                      11.71351003371786    1.000000000000000    0.000000000000000
    salt_mg035                      18.55844022637765    1.000000000000000    0.000000000000000
    salt_mg036                      1.182950747287622    1.000000000000000    0.000000000000000
    salt_na000                      231.3197617314776    1.000000000000000    0.000000000000000
    salt_na001                      180.6075860033197    1.000000000000000    0.000000000000000
    salt_na002                      45.82522402519422    1.000000000000000    0.000000000000000
    salt_na003                      161.5537512907990    1.000000000000000    0.000000000000000
    salt_na004                      39.58938277507258    1.000000000000000    0.000000000000000
    salt_na005                      89.05545072309322    1.000000000000000    0.000000000000000
    salt_na006                      6.487425672441169    1.000000000000000    0.000000000000000
    salt_na007                      187.4040829458588    1.000000000000000    0.000000000000000
    salt_na008                      63.43946540176643    1.000000000000000    0.000000000000000
    salt_na009                      102.2335439988620    1.000000000000000    0.000000000000000
    salt_na010                      79.30988070187544    1.000000000000000    0.000000000000000
    salt_na011                      234.1550634314658    1.000000000000000    0.000000000000000
    salt_na012                      70.20250793396254    1.000000000000000    0.000000000000000
    salt_na013                      35.76836731098098    1.000000000000000    0.000000000000000
    salt_na014                      111.2376322412570    1.000000000000000    0.000000000000000
    salt_na015                      75.51513112036515    1.000000000000000    0.000000000000000
    salt_na016                      542.3215657468626    1.000000000000000    0.000000000000000
    salt_na017                      622.4274517041271    1.000000000000000    0.000000000000000
    salt_na018                      315.7072525131239    1.000000000000000    0.000000000000000
    salt_na019                      78.40607742779393    1.000000000000000    0.000000000000000
    salt_na020                      243.5129644465981    1.000000000000000    0.000000000000000
    salt_na021                      284.7743809535038    1.000000000000000    0.000000000000000
    salt_na022                      91.80946402473856    1.000000000000000    0.000000000000000
    salt_na023                      79.63882202919636    1.000000000000000    0.000000000000000
    salt_na024                      43.65139542511974    1.000000000000000    0.000000000000000
    salt_na025                      39.31407046595853    1.000000000000000    0.000000000000000
    salt_na026                      66.57782482983605    1.000000000000000    0.000000000000000
    salt_na027                      532.3158152316622    1.000000000000000    0.000000000000000
    salt_na028                      128.6540659456269    1.000000000000000    0.000000000000000
    salt_na029                      251.5340618385560    1.000000000000000    0.000000000000000
    salt_na030                      198.8637565726326    1.000000000000000    0.000000000000000
    salt_na031                      40.00741155260022    1.000000000000000    0.000000000000000
    salt_na032                      2125.744860629589    1.000000000000000    0.000000000000000
    salt_na033                      15.21679748102387    1.000000000000000    0.000000000000000
    salt_na034                      454.7614377733069    1.000000000000000    0.000000000000000
    salt_na035                      73.13340146499482    1.000000000000000    0.000000000000000
    salt_na036                      66.64783797272283    1.000000000000000    0.000000000000000
   salt_so4000                      80.68369734394891    1.000000000000000    0.000000000000000
   salt_so4001                      196.0563270296451    1.000000000000000    0.000000000000000
   salt_so4002                      98.72452579484353    1.000000000000000    0.000000000000000
   salt_so4003                      406.7021619512191    1.000000000000000    0.000000000000000
   salt_so4004                      292.8683748586577    1.000000000000000    0.000000000000000
   salt_so4005                      125.2689416204609    1.000000000000000    0.000000000000000
   salt_so4006                      1260.609438896443    1.000000000000000    0.000000000000000
   salt_so4007                      164.9542251134403    1.000000000000000    0.000000000000000
   salt_so4008                      50.33659729146179    1.000000000000000    0.000000000000000
   salt_so4009                      133.1190717259126    1.000000000000000    0.000000000000000
   salt_so4010                      63.68426501001014    1.000000000000000    0.000000000000000
   salt_so4011                      253.0437393261435    1.000000000000000    0.000000000000000
   salt_so4012                      479.6956639752928    1.000000000000000    0.000000000000000
   salt_so4013                      81.13334409708642    1.000000000000000    0.000000000000000
   salt_so4014                      489.3880772064253    1.000000000000000    0.000000000000000
   salt_so4015                      126.3644756466699    1.000000000000000    0.000000000000000
   salt_so4016                      379.2791445911332    1.000000000000000    0.000000000000000
   salt_so4017                      726.7501812962757    1.000000000000000    0.000000000000000
   salt_so4018                      245.8555932667955    1.000000000000000    0.000000000000000
   salt_so4019                      230.8634743570824    1.000000000000000    0.000000000000000
   salt_so4020                      434.3590509124949    1.000000000000000    0.000000000000000
   salt_so4021                      602.1581597929660    1.000000000000000    0.000000000000000
   salt_so4022                      473.1107062822873    1.000000000000000    0.000000000000000
   salt_so4023                      2753.702873985314    1.000000000000000    0.000000000000000
   salt_so4024                      248.7530709978155    1.000000000000000    0.000000000000000
   salt_so4025                      142.4066000710429    1.000000000000000    0.000000000000000
   salt_so4026                      250.1289253247647    1.000000000000000    0.000000000000000
   salt_so4027                      468.4826790402011    1.000000000000000    0.000000000000000
   salt_so4028                      48.50580843916689    1.000000000000000    0.000000000000000
   salt_so4029                      612.1621980064418    1.000000000000000    0.000000000000000
   salt_so4030                      862.6373684377168    1.000000000000000    0.000000000000000
   salt_so4031                      564.5579307503046    1.000000000000000    0.000000000000000
   salt_so4032                      104.9417052410416    1.000000000000000    0.000000000000000
   salt_so4033                      129.0120899453701    1.000000000000000    0.000000000000000
   salt_so4034                      376.5267326619696    1.000000000000000    0.000000000000000
   salt_so4035                      279.2951906141178    1.000000000000000    0.000000000000000
   salt_so4036                      297.0118065644662    1.000000000000000    0.000000000000000
