single point
    aquf_caco3                      1.605815744335515e-05    1.000000000000000    0.000000000000000
    aquf_caso4                      7.461946362809861e-06    1.000000000000000    0.000000000000000
    aquf_mgso4                      8.318689868430924e-06    1.000000000000000    0.000000000000000
   soil_caco_h                      23.72598586477960    1.000000000000000    0.000000000000000
   soil_caco_l                      12.52570832482973    1.000000000000000    0.000000000000000
   soil_caco_m                      15.84549567117554    1.000000000000000    0.000000000000000
  soil_caco_mh                      17.85794405942910    1.000000000000000    0.000000000000000
  soil_caco_ml                      14.55459034997116    1.000000000000000    0.000000000000000
   soil_caso_h                      5.651171561660879    1.000000000000000    0.000000000000000
   soil_caso_l                      0.1981291885172365    1.000000000000000    0.000000000000000
   soil_caso_m                      1.033321386653525    1.000000000000000    0.000000000000000
  soil_caso_mh                      2.151156490969381    1.000000000000000    0.000000000000000
  soil_caso_ml                      0.4827430822466549    1.000000000000000    0.000000000000000
           p12                      1.610000000000000    1.000000000000000    0.000000000000000
           p15                      2.000000000000000e-05    1.000000000000000    0.000000000000000
           p16                      1.450000000000000    1.000000000000000    0.000000000000000
           p17                      0.5000000000000000    1.000000000000000    0.000000000000000
           p20                      0.4000000000000000    1.000000000000000    0.000000000000000
           p23                      0.003200000000000000    1.000000000000000    0.000000000000000
           p25                      1.000000000000000e-05    1.000000000000000    0.000000000000000
           p40                      1.000000000000000    1.000000000000000    0.000000000000000
           p49                      3.170000000000000    1.000000000000000    0.000000000000000
            p5                      0.1150000000000000    1.000000000000000    0.000000000000000
           p50                      0.3000000000000000    1.000000000000000    0.000000000000000
           p51                      0.9000000000000000    1.000000000000000    0.000000000000000
           p61                      0.1150000000000000    1.000000000000000    0.000000000000000
           p90                      1.000000000000000    1.000000000000000    0.000000000000000
           p91                      0.08720000000000000    1.000000000000000    0.000000000000000
           p92                      2.000000000000000    1.000000000000000    0.000000000000000
   rivbot_rg01                      5.000000000000000    1.000000000000000   -5.000000000000000
   rivbot_rg02                      5.000000000000000    1.000000000000000   -5.000000000000000
   rivbot_rg03                      5.000000000000000    1.000000000000000   -5.000000000000000
   rivbot_rg04                      5.000000000000000    1.000000000000000   -5.000000000000000
   rivbot_rg05                      5.000000000000000    1.000000000000000   -5.000000000000000
    rivcd_rg01                      43.44253776772209    1.000000000000000   -50.00000000000000
    rivcd_rg02                      58.72696536453673    1.000000000000000   -50.00000000000000
    rivcd_rg03                      64.92597779931062    1.000000000000000   -50.00000000000000
    rivcd_rg04                      57.26278052440874    1.000000000000000   -50.00000000000000
    rivcd_rg05                      45.79280631729377    1.000000000000000   -50.00000000000000
    salt_ca000                      82.49237762393031    1.000000000000000    0.000000000000000
    salt_ca001                      41.63211202253211    1.000000000000000    0.000000000000000
    salt_ca002                      73.33833980455863    1.000000000000000    0.000000000000000
    salt_ca003                      68.12846698052793    1.000000000000000    0.000000000000000
    salt_ca004                      117.7525429080065    1.000000000000000    0.000000000000000
    salt_ca005                      137.8152462617159    1.000000000000000    0.000000000000000
    salt_ca006                      97.80998254618886    1.000000000000000    0.000000000000000
    salt_ca007                      214.0101704913811    1.000000000000000    0.000000000000000
    salt_ca008                      100.6309336820678    1.000000000000000    0.000000000000000
    salt_ca009                      128.6894046993676    1.000000000000000    0.000000000000000
    salt_ca010                      107.9506115036291    1.000000000000000    0.000000000000000
    salt_ca011                      97.99098817870221    1.000000000000000    0.000000000000000
    salt_ca012                      144.4671978457217    1.000000000000000    0.000000000000000
    salt_ca013                      130.0936377343238    1.000000000000000    0.000000000000000
    salt_ca014                      85.39027190334589    1.000000000000000    0.000000000000000
    salt_ca015                      105.3187082797348    1.000000000000000    0.000000000000000
    salt_ca016                      179.8230380638911    1.000000000000000    0.000000000000000
    salt_ca017                      75.69306125010381    1.000000000000000    0.000000000000000
    salt_ca018                      87.08908179385395    1.000000000000000    0.000000000000000
    salt_ca019                      101.1736896565350    1.000000000000000    0.000000000000000
    salt_ca020                      111.5514612949980    1.000000000000000    0.000000000000000
    salt_ca021                      147.8605017445745    1.000000000000000    0.000000000000000
    salt_ca022                      109.9794781702772    1.000000000000000    0.000000000000000
    salt_ca023                      133.6396015066704    1.000000000000000    0.000000000000000
    salt_ca024                      140.3498462651814    1.000000000000000    0.000000000000000
    salt_ca025                      89.96337695451507    1.000000000000000    0.000000000000000
    salt_ca026                      79.39337357317446    1.000000000000000    0.000000000000000
    salt_ca027                      202.4475920582479    1.000000000000000    0.000000000000000
    salt_ca028                      78.47264363724169    1.000000000000000    0.000000000000000
    salt_ca029                      94.53644777151068    1.000000000000000    0.000000000000000
    salt_ca030                      88.79511100492535    1.000000000000000    0.000000000000000
    salt_ca031                      86.25686159895989    1.000000000000000    0.000000000000000
    salt_ca032                      85.33169378092832    1.000000000000000    0.000000000000000
    salt_ca033                      106.1815718973496    1.000000000000000    0.000000000000000
    salt_ca034                      119.8236356468631    1.000000000000000    0.000000000000000
    salt_ca035                      79.04788948852789    1.000000000000000    0.000000000000000
    salt_ca036                      53.69332946211837    1.000000000000000    0.000000000000000
    salt_cl000                      192.7357362389829    1.000000000000000    0.000000000000000
    salt_cl001                      160.2296978480682    1.000000000000000    0.000000000000000
    salt_cl002                      140.4732892460725    1.000000000000000    0.000000000000000
    salt_cl003                      124.8977330256576    1.000000000000000    0.000000000000000
    salt_cl004                      247.1718291371776    1.000000000000000    0.000000000000000
    salt_cl005                      160.9797334758953    1.000000000000000    0.000000000000000
    salt_cl006                      97.30304651349523    1.000000000000000    0.000000000000000
    salt_cl007                      134.3023476265110    1.000000000000000    0.000000000000000
    salt_cl008                      95.34658590537308    1.000000000000000    0.000000000000000
    salt_cl009                      106.2003784871010    1.000000000000000    0.000000000000000
    salt_cl010                      95.25552524057376    1.000000000000000    0.000000000000000
    salt_cl011                      113.8588682688622    1.000000000000000    0.000000000000000
    salt_cl012                      153.8355525631997    1.000000000000000    0.000000000000000
    salt_cl013                      125.5338927788185    1.000000000000000    0.000000000000000
    salt_cl014                      181.7724792670501    1.000000000000000    0.000000000000000
    salt_cl015                      93.76081745589188    1.000000000000000    0.000000000000000
    salt_cl016                      139.1015759544374    1.000000000000000    0.000000000000000
    salt_cl017                      157.9075108790743    1.000000000000000    0.000000000000000
    salt_cl018                      185.5723909910405    1.000000000000000    0.000000000000000
    salt_cl019                      207.4825687733835    1.000000000000000    0.000000000000000
    salt_cl020                      137.6222629850252    1.000000000000000    0.000000000000000
    salt_cl021                      85.22908414302276    1.000000000000000    0.000000000000000
    salt_cl022                      138.0545053918192    1.000000000000000    0.000000000000000
    salt_cl023                      155.0421945514664    1.000000000000000    0.000000000000000
    salt_cl024                      242.3002533186206    1.000000000000000    0.000000000000000
    salt_cl025                      133.0487486364089    1.000000000000000    0.000000000000000
    salt_cl026                      97.69296778048115    1.000000000000000    0.000000000000000
    salt_cl027                      137.0661156877525    1.000000000000000    0.000000000000000
    salt_cl028                      166.8213403702977    1.000000000000000    0.000000000000000
    salt_cl029                      201.6233605893893    1.000000000000000    0.000000000000000
    salt_cl030                      131.0843816157789    1.000000000000000    0.000000000000000
    salt_cl031                      190.4339444710589    1.000000000000000    0.000000000000000
    salt_cl032                      197.0558056079954    1.000000000000000    0.000000000000000
    salt_cl033                      193.0552868467671    1.000000000000000    0.000000000000000
    salt_cl034                      104.5498917873978    1.000000000000000    0.000000000000000
    salt_cl035                      220.7697193063029    1.000000000000000    0.000000000000000
    salt_cl036                      242.6533758595053    1.000000000000000    0.000000000000000
   salt_co3000                      4.263985107608616    1.000000000000000    0.000000000000000
   salt_co3001                      4.886217646661692    1.000000000000000    0.000000000000000
   salt_co3002                      3.438762803355062    1.000000000000000    0.000000000000000
   salt_co3003                      5.596408166726026    1.000000000000000    0.000000000000000
   salt_co3004                      3.577644886183353    1.000000000000000    0.000000000000000
   salt_co3005                      7.595390494354664    1.000000000000000    0.000000000000000
   salt_co3006                      2.863786934184323    1.000000000000000    0.000000000000000
   salt_co3007                      2.257000465548895    1.000000000000000    0.000000000000000
   salt_co3008                      7.224093422383902    1.000000000000000    0.000000000000000
   salt_co3009                      2.234882116549379    1.000000000000000    0.000000000000000
   salt_co3010                      3.418496582918801    1.000000000000000    0.000000000000000
   salt_co3011                      2.884733831564507    1.000000000000000    0.000000000000000
   salt_co3012                      3.550358271699044    1.000000000000000    0.000000000000000
   salt_co3013                      4.531646150674413    1.000000000000000    0.000000000000000
   salt_co3014                      2.582900115116833    1.000000000000000    0.000000000000000
   salt_co3015                      3.766156656777130    1.000000000000000    0.000000000000000
   salt_co3016                      3.733106788663440    1.000000000000000    0.000000000000000
   salt_co3017                      4.901359386298171    1.000000000000000    0.000000000000000
   salt_co3018                      7.025774664693286    1.000000000000000    0.000000000000000
   salt_co3019                      2.912770137454326    1.000000000000000    0.000000000000000
   salt_co3020                      3.550348962405733    1.000000000000000    0.000000000000000
   salt_co3021                      3.606390502083076    1.000000000000000    0.000000000000000
   salt_co3022                      2.923930921629509    1.000000000000000    0.000000000000000
   salt_co3023                      4.055235531042579    1.000000000000000    0.000000000000000
   salt_co3024                      4.011245887626039    1.000000000000000    0.000000000000000
   salt_co3025                      2.662140195094291    1.000000000000000    0.000000000000000
   salt_co3026                      2.122977050840628    1.000000000000000    0.000000000000000
   salt_co3027                      5.112279762077328    1.000000000000000    0.000000000000000
   salt_co3028                      2.779600452539662    1.000000000000000    0.000000000000000
   salt_co3029                      3.484008038417670    1.000000000000000    0.000000000000000
   salt_co3030                      2.533817266248753    1.000000000000000    0.000000000000000
   salt_co3031                      5.379071340890109    1.000000000000000    0.000000000000000
   salt_co3032                      4.858840221605374    1.000000000000000    0.000000000000000
   salt_co3033                      5.290335720203962    1.000000000000000    0.000000000000000
   salt_co3034                      4.152636740104662    1.000000000000000    0.000000000000000
   salt_co3035                      7.803953845523492    1.000000000000000    0.000000000000000
   salt_co3036                      2.688965468703310    1.000000000000000    0.000000000000000
  salt_hco3000                      356.6098377189222    1.000000000000000    0.000000000000000
  salt_hco3001                      479.1442236100037    1.000000000000000    0.000000000000000
  salt_hco3002                      629.6834699154044    1.000000000000000    0.000000000000000
  salt_hco3003                      192.8947965303832    1.000000000000000    0.000000000000000
  salt_hco3004                      343.0836401898665    1.000000000000000    0.000000000000000
  salt_hco3005                      339.0945948828099    1.000000000000000    0.000000000000000
  salt_hco3006                      224.9981490111747    1.000000000000000    0.000000000000000
  salt_hco3007                      425.7572362970168    1.000000000000000    0.000000000000000
  salt_hco3008                      173.2177256627870    1.000000000000000    0.000000000000000
  salt_hco3009                      344.1046095503002    1.000000000000000    0.000000000000000
  salt_hco3010                      469.2816625515810    1.000000000000000    0.000000000000000
  salt_hco3011                      138.5642777219668    1.000000000000000    0.000000000000000
  salt_hco3012                      365.9446886734017    1.000000000000000    0.000000000000000
  salt_hco3013                      407.8900366038440    1.000000000000000    0.000000000000000
  salt_hco3014                      358.1479967712291    1.000000000000000    0.000000000000000
  salt_hco3015                      160.0673006536101    1.000000000000000    0.000000000000000
  salt_hco3016                      610.8033787297256    1.000000000000000    0.000000000000000
  salt_hco3017                      444.9215806430539    1.000000000000000    0.000000000000000
  salt_hco3018                      475.3191692528358    1.000000000000000    0.000000000000000
  salt_hco3019                      650.4547481009381    1.000000000000000    0.000000000000000
  salt_hco3020                      609.8197041952084    1.000000000000000    0.000000000000000
  salt_hco3021                      274.3461475668208    1.000000000000000    0.000000000000000
  salt_hco3022                      488.7407422385423    1.000000000000000    0.000000000000000
  salt_hco3023                      518.6903509068616    1.000000000000000    0.000000000000000
  salt_hco3024                      659.1450620604708    1.000000000000000    0.000000000000000
  salt_hco3025                      293.5187414633809    1.000000000000000    0.000000000000000
  salt_hco3026                      459.5412340321872    1.000000000000000    0.000000000000000
  salt_hco3027                      456.9294087191230    1.000000000000000    0.000000000000000
  salt_hco3028                      248.2651564674810    1.000000000000000    0.000000000000000
  salt_hco3029                      303.7819442695730    1.000000000000000    0.000000000000000
  salt_hco3030                      196.8565343376499    1.000000000000000    0.000000000000000
  salt_hco3031                      292.8433464913503    1.000000000000000    0.000000000000000
  salt_hco3032                      274.0568944716156    1.000000000000000    0.000000000000000
  salt_hco3033                      257.4975028715889    1.000000000000000    0.000000000000000
  salt_hco3034                      183.1269448964966    1.000000000000000    0.000000000000000
  salt_hco3035                      264.4505001185318    1.000000000000000    0.000000000000000
  salt_hco3036                      342.1490521036239    1.000000000000000    0.000000000000000
     salt_k000                      1.860881245097829    1.000000000000000    0.000000000000000
     salt_k001                      1.828216521612832    1.000000000000000    0.000000000000000
     salt_k002                      5.193530243963814    1.000000000000000    0.000000000000000
     salt_k003                      2.045110451365228    1.000000000000000    0.000000000000000
     salt_k004                      2.017635933210860    1.000000000000000    0.000000000000000
     salt_k005                      3.381328840720740    1.000000000000000    0.000000000000000
     salt_k006                      2.785971663629638    1.000000000000000    0.000000000000000
     salt_k007                      1.250547002300149    1.000000000000000    0.000000000000000
     salt_k008                      1.738399054127012    1.000000000000000    0.000000000000000
     salt_k009                      1.174442610499519    1.000000000000000    0.000000000000000
     salt_k010                      3.357803347724528    1.000000000000000    0.000000000000000
     salt_k011                      1.878334956459689    1.000000000000000    0.000000000000000
     salt_k012                      4.462758426638760    1.000000000000000    0.000000000000000
     salt_k013                      2.138010348475335    1.000000000000000    0.000000000000000
     salt_k014                      1.571471503876165    1.000000000000000    0.000000000000000
     salt_k015                      3.569779946713285    1.000000000000000    0.000000000000000
     salt_k016                      2.937722328539437    1.000000000000000    0.000000000000000
     salt_k017                      4.600668717807723    1.000000000000000    0.000000000000000
     salt_k018                      1.313494068880826    1.000000000000000    0.000000000000000
     salt_k019                      1.282821140694957    1.000000000000000    0.000000000000000
     salt_k020                      2.089437940433682    1.000000000000000    0.000000000000000
     salt_k021                      2.784877814534511    1.000000000000000    0.000000000000000
     salt_k022                      2.005267378406598    1.000000000000000    0.000000000000000
     salt_k023                      4.669692090227865    1.000000000000000    0.000000000000000
     salt_k024                      2.519314194377585    1.000000000000000    0.000000000000000
     salt_k025                      5.200389782684447    1.000000000000000    0.000000000000000
     salt_k026                      2.829002250597562    1.000000000000000    0.000000000000000
     salt_k027                      3.832220542018538    1.000000000000000    0.000000000000000
     salt_k028                      2.468929698850229    1.000000000000000    0.000000000000000
     salt_k029                      3.117087265293224    1.000000000000000    0.000000000000000
     salt_k030                      2.635851796874716    1.000000000000000    0.000000000000000
     salt_k031                      2.218793799183904    1.000000000000000    0.000000000000000
     salt_k032                      2.546722073041389    1.000000000000000    0.000000000000000
     salt_k033                      2.764419276230331    1.000000000000000    0.000000000000000
     salt_k034                      3.915902938659956    1.000000000000000    0.000000000000000
     salt_k035                      1.335680000945623    1.000000000000000    0.000000000000000
     salt_k036                      3.133310379327277    1.000000000000000    0.000000000000000
    salt_mg000                      12.12076119762625    1.000000000000000    0.000000000000000
    salt_mg001                      10.75742805356945    1.000000000000000    0.000000000000000
    salt_mg002                      14.37642856612456    1.000000000000000    0.000000000000000
    salt_mg003                      27.48108361382324    1.000000000000000    0.000000000000000
    salt_mg004                      19.37386623197650    1.000000000000000    0.000000000000000
    salt_mg005                      24.80696826673133    1.000000000000000    0.000000000000000
    salt_mg006                      18.45688553140413    1.000000000000000    0.000000000000000
    salt_mg007                      11.26505581331361    1.000000000000000    0.000000000000000
    salt_mg008                      14.34121381346346    1.000000000000000    0.000000000000000
    salt_mg009                      17.86246922833466    1.000000000000000    0.000000000000000
    salt_mg010                      15.20545124121621    1.000000000000000    0.000000000000000
    salt_mg011                      16.60271096814101    1.000000000000000    0.000000000000000
    salt_mg012                      13.10176298737740    1.000000000000000    0.000000000000000
    salt_mg013                      17.39319581666251    1.000000000000000    0.000000000000000
    salt_mg014                      13.58078332174331    1.000000000000000    0.000000000000000
    salt_mg015                      22.59272171991910    1.000000000000000    0.000000000000000
    salt_mg016                      25.48234718505919    1.000000000000000    0.000000000000000
    salt_mg017                      18.28871099163391    1.000000000000000    0.000000000000000
    salt_mg018                      14.36325423330062    1.000000000000000    0.000000000000000
    salt_mg019                      24.95740852937717    1.000000000000000    0.000000000000000
    salt_mg020                      23.06581305501129    1.000000000000000    0.000000000000000
    salt_mg021                      13.74855383144319    1.000000000000000    0.000000000000000
    salt_mg022                      14.91621041021951    1.000000000000000    0.000000000000000
    salt_mg023                      16.09896717222303    1.000000000000000    0.000000000000000
    salt_mg024                      23.06317369091445    1.000000000000000    0.000000000000000
    salt_mg025                      21.26549605058095    1.000000000000000    0.000000000000000
    salt_mg026                      23.06140960249304    1.000000000000000    0.000000000000000
    salt_mg027                      17.09198555760151    1.000000000000000    0.000000000000000
    salt_mg028                      22.11850239068050    1.000000000000000    0.000000000000000
    salt_mg029                      20.65659909521608    1.000000000000000    0.000000000000000
    salt_mg030                      20.99658150218569    1.000000000000000    0.000000000000000
    salt_mg031                      15.42817068908978    1.000000000000000    0.000000000000000
    salt_mg032                      18.83424420686437    1.000000000000000    0.000000000000000
    salt_mg033                      27.87809831555328    1.000000000000000    0.000000000000000
    salt_mg034                      22.34557322677935    1.000000000000000    0.000000000000000
    salt_mg035                      11.72994148753774    1.000000000000000    0.000000000000000
    salt_mg036                      18.08014102365395    1.000000000000000    0.000000000000000
    salt_na000                      224.7216517718803    1.000000000000000    0.000000000000000
    salt_na001                      275.4730831431048    1.000000000000000    0.000000000000000
    salt_na002                      122.5878582930599    1.000000000000000    0.000000000000000
    salt_na003                      137.9749588615241    1.000000000000000    0.000000000000000
    salt_na004                      221.7932932725651    1.000000000000000    0.000000000000000
    salt_na005                      174.1807993403761    1.000000000000000    0.000000000000000
    salt_na006                      126.3986762978738    1.000000000000000    0.000000000000000
    salt_na007                      174.3237818872792    1.000000000000000    0.000000000000000
    salt_na008                      90.33967278846671    1.000000000000000    0.000000000000000
    salt_na009                      232.2935121608430    1.000000000000000    0.000000000000000
    salt_na010                      134.5987372665063    1.000000000000000    0.000000000000000
    salt_na011                      123.6096292236103    1.000000000000000    0.000000000000000
    salt_na012                      190.1997849923082    1.000000000000000    0.000000000000000
    salt_na013                      146.8044288112310    1.000000000000000    0.000000000000000
    salt_na014                      136.7648374312618    1.000000000000000    0.000000000000000
    salt_na015                      118.2632807354256    1.000000000000000    0.000000000000000
    salt_na016                      247.2003954346257    1.000000000000000    0.000000000000000
    salt_na017                      172.1010387304724    1.000000000000000    0.000000000000000
    salt_na018                      331.3219671805954    1.000000000000000    0.000000000000000
    salt_na019                      210.8515990453141    1.000000000000000    0.000000000000000
    salt_na020                      139.9996066461877    1.000000000000000    0.000000000000000
    salt_na021                      138.9378985635029    1.000000000000000    0.000000000000000
    salt_na022                      86.51653922300272    1.000000000000000    0.000000000000000
    salt_na023                      148.8794495597980    1.000000000000000    0.000000000000000
    salt_na024                      111.2141078351990    1.000000000000000    0.000000000000000
    salt_na025                      240.6516433398051    1.000000000000000    0.000000000000000
    salt_na026                      169.8882743312167    1.000000000000000    0.000000000000000
    salt_na027                      254.5254291943739    1.000000000000000    0.000000000000000
    salt_na028                      74.28588635803332    1.000000000000000    0.000000000000000
    salt_na029                      113.5634627198915    1.000000000000000    0.000000000000000
    salt_na030                      150.7824637584159    1.000000000000000    0.000000000000000
    salt_na031                      176.7449400322211    1.000000000000000    0.000000000000000
    salt_na032                      240.9194876166112    1.000000000000000    0.000000000000000
    salt_na033                      212.3569406195523    1.000000000000000    0.000000000000000
    salt_na034                      147.1729548393656    1.000000000000000    0.000000000000000
    salt_na035                      115.1180402754954    1.000000000000000    0.000000000000000
    salt_na036                      145.1951818897756    1.000000000000000    0.000000000000000
   salt_so4000                      235.4059161071911    1.000000000000000    0.000000000000000
   salt_so4001                      347.9836911249816    1.000000000000000    0.000000000000000
   salt_so4002                      322.9967248258237    1.000000000000000    0.000000000000000
   salt_so4003                      453.9162731831904    1.000000000000000    0.000000000000000
   salt_so4004                      290.0283466883739    1.000000000000000    0.000000000000000
   salt_so4005                      225.3639069506100    1.000000000000000    0.000000000000000
   salt_so4006                      261.6314820085214    1.000000000000000    0.000000000000000
   salt_so4007                      190.8282182801188    1.000000000000000    0.000000000000000
   salt_so4008                      193.9661589085265    1.000000000000000    0.000000000000000
   salt_so4009                      320.4695445761967    1.000000000000000    0.000000000000000
   salt_so4010                      423.2806721084345    1.000000000000000    0.000000000000000
   salt_so4011                      236.8858096263934    1.000000000000000    0.000000000000000
   salt_so4012                      487.0953997273197    1.000000000000000    0.000000000000000
   salt_so4013                      237.5139001888099    1.000000000000000    0.000000000000000
   salt_so4014                      114.6715277118252    1.000000000000000    0.000000000000000
   salt_so4015                      198.7689605403837    1.000000000000000    0.000000000000000
   salt_so4016                      262.3477524577473    1.000000000000000    0.000000000000000
   salt_so4017                      482.7345863386356    1.000000000000000    0.000000000000000
   salt_so4018                      197.1175502963233    1.000000000000000    0.000000000000000
   salt_so4019                      311.0060566007560    1.000000000000000    0.000000000000000
   salt_so4020                      554.7698731109818    1.000000000000000    0.000000000000000
   salt_so4021                      355.8733236401054    1.000000000000000    0.000000000000000
   salt_so4022                      241.5017455728293    1.000000000000000    0.000000000000000
   salt_so4023                      592.4357803425278    1.000000000000000    0.000000000000000
   salt_so4024                      219.8996265126123    1.000000000000000    0.000000000000000
   salt_so4025                      127.8142965091700    1.000000000000000    0.000000000000000
   salt_so4026                      188.2297520933898    1.000000000000000    0.000000000000000
   salt_so4027                      227.7225608530454    1.000000000000000    0.000000000000000
   salt_so4028                      234.4675788933035    1.000000000000000    0.000000000000000
   salt_so4029                      346.9615156643069    1.000000000000000    0.000000000000000
   salt_so4030                      226.8890638546499    1.000000000000000    0.000000000000000
   salt_so4031                      199.7150637966749    1.000000000000000    0.000000000000000
   salt_so4032                      120.4009707756497    1.000000000000000    0.000000000000000
   salt_so4033                      241.1775910867943    1.000000000000000    0.000000000000000
   salt_so4034                      206.5130972293617    1.000000000000000    0.000000000000000
   salt_so4035                      274.5127424528858    1.000000000000000    0.000000000000000
   salt_so4036                      272.3206376884514    1.000000000000000    0.000000000000000
