single point
    aquf_caco3                      3.900604088860345e-08    1.000000000000000    0.000000000000000
    aquf_caso4                      3.364771308526456e-06    1.000000000000000    0.000000000000000
    aquf_mgso4                      1.998310451225862e-05    1.000000000000000    0.000000000000000
   soil_caco_h                      24.08849064656460    1.000000000000000    0.000000000000000
   soil_caco_l                      13.02497591416526    1.000000000000000    0.000000000000000
   soil_caco_m                      15.94597851385342    1.000000000000000    0.000000000000000
  soil_caco_mh                      17.63222815211892    1.000000000000000    0.000000000000000
  soil_caco_ml                      14.81017773118817    1.000000000000000    0.000000000000000
   soil_caso_h                      4.686254620052066    1.000000000000000    0.000000000000000
   soil_caso_l                      0.1777423662584602    1.000000000000000    0.000000000000000
   soil_caso_m                      1.007419129755946    1.000000000000000    0.000000000000000
  soil_caso_mh                      2.286785406874428    1.000000000000000    0.000000000000000
  soil_caso_ml                      0.4832647125833451    1.000000000000000    0.000000000000000
           p12                      1.610000000000000    1.000000000000000    0.000000000000000
           p15                      2.000000000000000e-05    1.000000000000000    0.000000000000000
           p16                      1.450000000000000    1.000000000000000    0.000000000000000
           p17                      0.5000000000000000    1.000000000000000    0.000000000000000
           p20                      0.4000000000000000    1.000000000000000    0.000000000000000
           p23                      0.003200000000000000    1.000000000000000    0.000000000000000
           p25                      1.000000000000000e-05    1.000000000000000    0.000000000000000
           p40                      1.000000000000000    1.000000000000000    0.000000000000000
           p49                      3.170000000000000    1.000000000000000    0.000000000000000
            p5                      0.1150000000000000    1.000000000000000    0.000000000000000
           p50                      0.3000000000000000    1.000000000000000    0.000000000000000
           p51                      0.9000000000000000    1.000000000000000    0.000000000000000
           p61                      0.1150000000000000    1.000000000000000    0.000000000000000
           p90                      1.000000000000000    1.000000000000000    0.000000000000000
           p91                      0.08720000000000000    1.000000000000000    0.000000000000000
           p92                      2.000000000000000    1.000000000000000    0.000000000000000
   rivbot_rg01                      5.000000000000000    1.000000000000000   -5.000000000000000
   rivbot_rg02                      5.000000000000000    1.000000000000000   -5.000000000000000
   rivbot_rg03                      5.000000000000000    1.000000000000000   -5.000000000000000
   rivbot_rg04                      5.000000000000000    1.000000000000000   -5.000000000000000
   rivbot_rg05                      5.000000000000000    1.000000000000000   -5.000000000000000
    rivcd_rg01                      31.29809879270536    1.000000000000000   -50.00000000000000
    rivcd_rg02                      100.0000000000000    1.000000000000000   -50.00000000000000
    rivcd_rg03                      61.84720175250413    1.000000000000000   -50.00000000000000
    rivcd_rg04                      91.70394866807212    1.000000000000000   -50.00000000000000
    rivcd_rg05                      66.13921510804774    1.000000000000000   -50.00000000000000
    salt_ca000                      19.44830497723291    1.000000000000000    0.000000000000000
    salt_ca001                      15.13710262752909    1.000000000000000    0.000000000000000
    salt_ca002                      58.79394515082627    1.000000000000000    0.000000000000000
    salt_ca003                      70.62159221572475    1.000000000000000    0.000000000000000
    salt_ca004                      265.5203151976208    1.000000000000000    0.000000000000000
    salt_ca005                      148.0548903694176    1.000000000000000    0.000000000000000
    salt_ca006                      28.94896801454176    1.000000000000000    0.000000000000000
    salt_ca007                      275.6779907079298    1.000000000000000    0.000000000000000
    salt_ca008                      30.40123843311383    1.000000000000000    0.000000000000000
    salt_ca009                      31.88527415035097    1.000000000000000    0.000000000000000
    salt_ca010                      112.2752606374941    1.000000000000000    0.000000000000000
    salt_ca011                      19.77196938754114    1.000000000000000    0.000000000000000
    salt_ca012                      139.0764256159272    1.000000000000000    0.000000000000000
    salt_ca013                      79.96195574728327    1.000000000000000    0.000000000000000
    salt_ca014                      34.09791881026711    1.000000000000000    0.000000000000000
    salt_ca015                      60.76230878156122    1.000000000000000    0.000000000000000
    salt_ca016                      264.6895282882593    1.000000000000000    0.000000000000000
    salt_ca017                      64.32237318097276    1.000000000000000    0.000000000000000
    salt_ca018                      159.0104102374252    1.000000000000000    0.000000000000000
    salt_ca019                      746.3137224464260    1.000000000000000    0.000000000000000
    salt_ca020                      1080.977828983340    1.000000000000000    0.000000000000000
    salt_ca021                      249.3422179356940    1.000000000000000    0.000000000000000
    salt_ca022                      26.07598090570303    1.000000000000000    0.000000000000000
    salt_ca023                      787.5590833613952    1.000000000000000    0.000000000000000
    salt_ca024                      159.5425265062556    1.000000000000000    0.000000000000000
    salt_ca025                      95.88625024769851    1.000000000000000    0.000000000000000
    salt_ca026                      649.6265408779697    1.000000000000000    0.000000000000000
    salt_ca027                      191.1382514424147    1.000000000000000    0.000000000000000
    salt_ca028                      38.55297719712908    1.000000000000000    0.000000000000000
    salt_ca029                      114.1623282779647    1.000000000000000    0.000000000000000
    salt_ca030                      26.41169974362227    1.000000000000000    0.000000000000000
    salt_ca031                      66.39181276347507    1.000000000000000    0.000000000000000
    salt_ca032                      11.72816536347656    1.000000000000000    0.000000000000000
    salt_ca033                      231.6392763730929    1.000000000000000    0.000000000000000
    salt_ca034                      68.50450812367821    1.000000000000000    0.000000000000000
    salt_ca035                      52.48350891193935    1.000000000000000    0.000000000000000
    salt_ca036                      26.72592165554103    1.000000000000000    0.000000000000000
    salt_cl000                      127.1167370078048    1.000000000000000    0.000000000000000
    salt_cl001                      199.6985509419107    1.000000000000000    0.000000000000000
    salt_cl002                      57.97117895265050    1.000000000000000    0.000000000000000
    salt_cl003                      42.32843241299395    1.000000000000000    0.000000000000000
    salt_cl004                      325.1368109613016    1.000000000000000    0.000000000000000
    salt_cl005                      208.6562956857654    1.000000000000000    0.000000000000000
    salt_cl006                      38.17392268882756    1.000000000000000    0.000000000000000
    salt_cl007                      140.5027063965365    1.000000000000000    0.000000000000000
    salt_cl008                      79.18608353419314    1.000000000000000    0.000000000000000
    salt_cl009                      42.60368690418908    1.000000000000000    0.000000000000000
    salt_cl010                      81.69253246121832    1.000000000000000    0.000000000000000
    salt_cl011                      39.82509871337302    1.000000000000000    0.000000000000000
    salt_cl012                      176.8623821749120    1.000000000000000    0.000000000000000
    salt_cl013                      71.71537818552380    1.000000000000000    0.000000000000000
    salt_cl014                      144.0029271584396    1.000000000000000    0.000000000000000
    salt_cl015                      34.85248128268524    1.000000000000000    0.000000000000000
    salt_cl016                      197.8493457659413    1.000000000000000    0.000000000000000
    salt_cl017                      119.1337020471957    1.000000000000000    0.000000000000000
    salt_cl018                      220.3800561574663    1.000000000000000    0.000000000000000
    salt_cl019                      25.81798201227423    1.000000000000000    0.000000000000000
    salt_cl020                      43.81441835303226    1.000000000000000    0.000000000000000
    salt_cl021                      49.34009442311282    1.000000000000000    0.000000000000000
    salt_cl022                      292.1521728247334    1.000000000000000    0.000000000000000
    salt_cl023                      80.34923806604446    1.000000000000000    0.000000000000000
    salt_cl024                      335.3021230878563    1.000000000000000    0.000000000000000
    salt_cl025                      106.9039125034716    1.000000000000000    0.000000000000000
    salt_cl026                      36.35091163251576    1.000000000000000    0.000000000000000
    salt_cl027                      113.8730001739481    1.000000000000000    0.000000000000000
    salt_cl028                      325.4835500173948    1.000000000000000    0.000000000000000
    salt_cl029                      68.51458147323271    1.000000000000000    0.000000000000000
    salt_cl030                      71.73197612297143    1.000000000000000    0.000000000000000
    salt_cl031                      161.4177410830617    1.000000000000000    0.000000000000000
    salt_cl032                      131.8797823036825    1.000000000000000    0.000000000000000
    salt_cl033                      174.1905250527630    1.000000000000000    0.000000000000000
    salt_cl034                      165.8643124706275    1.000000000000000    0.000000000000000
    salt_cl035                      664.2379003205406    1.000000000000000    0.000000000000000
    salt_cl036                      267.7242478134230    1.000000000000000    0.000000000000000
   salt_co3000                      2.409624448369395    1.000000000000000    0.000000000000000
   salt_co3001                      3.224040572776580    1.000000000000000    0.000000000000000
   salt_co3002                      12.13961313259644    1.000000000000000    0.000000000000000
   salt_co3003                      1.708227942355847    1.000000000000000    0.000000000000000
   salt_co3004                      4.939689029279056    1.000000000000000    0.000000000000000
   salt_co3005                      17.31595855486578    1.000000000000000    0.000000000000000
   salt_co3006                      0.6882095960556331    1.000000000000000    0.000000000000000
   salt_co3007                      0.8835145660514679    1.000000000000000    0.000000000000000
   salt_co3008                      3.039014316828370    1.000000000000000    0.000000000000000
   salt_co3009                      0.8232590147094385    1.000000000000000    0.000000000000000
   salt_co3010                      5.307685987258364    1.000000000000000    0.000000000000000
   salt_co3011                      1.033022433041391    1.000000000000000    0.000000000000000
   salt_co3012                      3.812522806098439    1.000000000000000    0.000000000000000
   salt_co3013                      5.474915865459336    1.000000000000000    0.000000000000000
   salt_co3014                      1.562154601598279    1.000000000000000    0.000000000000000
   salt_co3015                      2.677631992532523    1.000000000000000    0.000000000000000
   salt_co3016                      4.847272885175808    1.000000000000000    0.000000000000000
   salt_co3017                      5.999848873800618    1.000000000000000    0.000000000000000
   salt_co3018                      5.689399216855583    1.000000000000000    0.000000000000000
   salt_co3019                      1.116258597846839    1.000000000000000    0.000000000000000
   salt_co3020                      3.882952827543085    1.000000000000000    0.000000000000000
   salt_co3021                      3.014915410857833    1.000000000000000    0.000000000000000
   salt_co3022                      3.224378584096501    1.000000000000000    0.000000000000000
   salt_co3023                      3.874403509607984    1.000000000000000    0.000000000000000
   salt_co3024                      1.162506369169529    1.000000000000000    0.000000000000000
   salt_co3025                      1.168444156320568    1.000000000000000    0.000000000000000
   salt_co3026                      4.586934953174465    1.000000000000000    0.000000000000000
   salt_co3027                      1.941878323638327    1.000000000000000    0.000000000000000
   salt_co3028                      5.185725074456520    1.000000000000000    0.000000000000000
   salt_co3029                      7.357540386969220    1.000000000000000    0.000000000000000
   salt_co3030                      1.119650052644274    1.000000000000000    0.000000000000000
   salt_co3031                      3.614723430513227    1.000000000000000    0.000000000000000
   salt_co3032                      2.716434549415070    1.000000000000000    0.000000000000000
   salt_co3033                      14.73826552293632    1.000000000000000    0.000000000000000
   salt_co3034                      2.558297123848351    1.000000000000000    0.000000000000000
   salt_co3035                      6.217259276417492    1.000000000000000    0.000000000000000
   salt_co3036                      11.13574587593358    1.000000000000000    0.000000000000000
  salt_hco3000                      347.0196552493675    1.000000000000000    0.000000000000000
  salt_hco3001                      892.2037767692707    1.000000000000000    0.000000000000000
  salt_hco3002                      217.4300560746588    1.000000000000000    0.000000000000000
  salt_hco3003                      388.2353359076988    1.000000000000000    0.000000000000000
  salt_hco3004                      598.6731461342548    1.000000000000000    0.000000000000000
  salt_hco3005                      91.06191992178323    1.000000000000000    0.000000000000000
  salt_hco3006                      383.8177992925130    1.000000000000000    0.000000000000000
  salt_hco3007                      805.4929632735422    1.000000000000000    0.000000000000000
  salt_hco3008                      259.3881762928449    1.000000000000000    0.000000000000000
  salt_hco3009                      194.3284980819696    1.000000000000000    0.000000000000000
  salt_hco3010                      525.7752588737784    1.000000000000000    0.000000000000000
  salt_hco3011                      76.58634063846823    1.000000000000000    0.000000000000000
  salt_hco3012                      299.1205989222740    1.000000000000000    0.000000000000000
  salt_hco3013                      242.9793803457599    1.000000000000000    0.000000000000000
  salt_hco3014                      135.8941369414906    1.000000000000000    0.000000000000000
  salt_hco3015                      298.9862591966497    1.000000000000000    0.000000000000000
  salt_hco3016                      404.0979791963483    1.000000000000000    0.000000000000000
  salt_hco3017                      565.2334116779149    1.000000000000000    0.000000000000000
  salt_hco3018                      51.03229814882294    1.000000000000000    0.000000000000000
  salt_hco3019                      1987.717647705771    1.000000000000000    0.000000000000000
  salt_hco3020                      305.2014891394386    1.000000000000000    0.000000000000000
  salt_hco3021                      124.5338838079061    1.000000000000000    0.000000000000000
  salt_hco3022                      120.1669459187129    1.000000000000000    0.000000000000000
  salt_hco3023                      364.1360134619875    1.000000000000000    0.000000000000000
  salt_hco3024                      7726.506771689767    1.000000000000000    0.000000000000000
  salt_hco3025                      593.8511691992946    1.000000000000000    0.000000000000000
  salt_hco3026                      562.6254365303250    1.000000000000000    0.000000000000000
  salt_hco3027                      1000.717965775368    1.000000000000000    0.000000000000000
  salt_hco3028                      289.8022497867040    1.000000000000000    0.000000000000000
  salt_hco3029                      1385.850389062716    1.000000000000000    0.000000000000000
  salt_hco3030                      584.0260871956644    1.000000000000000    0.000000000000000
  salt_hco3031                      2043.784091837838    1.000000000000000    0.000000000000000
  salt_hco3032                      1374.212509343061    1.000000000000000    0.000000000000000
  salt_hco3033                      229.3621908682651    1.000000000000000    0.000000000000000
  salt_hco3034                      727.7702985211851    1.000000000000000    0.000000000000000
  salt_hco3035                      147.6491295819218    1.000000000000000    0.000000000000000
  salt_hco3036                      240.8228856157026    1.000000000000000    0.000000000000000
     salt_k000                      0.7041971569486397    1.000000000000000    0.000000000000000
     salt_k001                      4.570692373209500    1.000000000000000    0.000000000000000
     salt_k002                      9.572066182787257    1.000000000000000    0.000000000000000
     salt_k003                      7.587520535529028    1.000000000000000    0.000000000000000
     salt_k004                      2.720058194390841    1.000000000000000    0.000000000000000
     salt_k005                      2.907981107027636    1.000000000000000    0.000000000000000
     salt_k006                      9.397760069335147    1.000000000000000    0.000000000000000
     salt_k007                      0.4991854377752864    1.000000000000000    0.000000000000000
     salt_k008                      0.4350918474006785    1.000000000000000    0.000000000000000
     salt_k009                      3.392626466432838    1.000000000000000    0.000000000000000
     salt_k010                      2.358433182450041    1.000000000000000    0.000000000000000
     salt_k011                      0.8347513878610013    1.000000000000000    0.000000000000000
     salt_k012                      2.352736607947187    1.000000000000000    0.000000000000000
     salt_k013                      1.424100486536136    1.000000000000000    0.000000000000000
     salt_k014                      1.506574434337162    1.000000000000000    0.000000000000000
     salt_k015                      1.850602353526910    1.000000000000000    0.000000000000000
     salt_k016                      3.823869001608429    1.000000000000000    0.000000000000000
     salt_k017                      4.025402724824604    1.000000000000000    0.000000000000000
     salt_k018                      0.6043297411755034    1.000000000000000    0.000000000000000
     salt_k019                      2.023812644704178    1.000000000000000    0.000000000000000
     salt_k020                      0.8171020595180933    1.000000000000000    0.000000000000000
     salt_k021                      0.9543606281721625    1.000000000000000    0.000000000000000
     salt_k022                      1.353193323063756    1.000000000000000    0.000000000000000
     salt_k023                      34.88741270235985    1.000000000000000    0.000000000000000
     salt_k024                      6.421503447827443    1.000000000000000    0.000000000000000
     salt_k025                      49.51207410124252    1.000000000000000    0.000000000000000
     salt_k026                      1.230927822908999    1.000000000000000    0.000000000000000
     salt_k027                      4.203834840130424    1.000000000000000    0.000000000000000
     salt_k028                      14.65753474153808    1.000000000000000    0.000000000000000
     salt_k029                      3.788540692190139    1.000000000000000    0.000000000000000
     salt_k030                      7.823976257204317    1.000000000000000    0.000000000000000
     salt_k031                      7.010496985597638    1.000000000000000    0.000000000000000
     salt_k032                      2.233916566642500    1.000000000000000    0.000000000000000
     salt_k033                      1.795545222578030    1.000000000000000    0.000000000000000
     salt_k034                      3.297735196427019    1.000000000000000    0.000000000000000
     salt_k035                      2.492298380932545    1.000000000000000    0.000000000000000
     salt_k036                      1.183980511220717    1.000000000000000    0.000000000000000
    salt_mg000                      19.90180304434269    1.000000000000000    0.000000000000000
    salt_mg001                      8.533589733153100    1.000000000000000    0.000000000000000
    salt_mg002                      27.27277653841833    1.000000000000000    0.000000000000000
    salt_mg003                      62.54481121706994    1.000000000000000    0.000000000000000
    salt_mg004                      22.08896586481767    1.000000000000000    0.000000000000000
    salt_mg005                      12.31182820970791    1.000000000000000    0.000000000000000
    salt_mg006                      25.82798871485381    1.000000000000000    0.000000000000000
    salt_mg007                      21.82868887345978    1.000000000000000    0.000000000000000
    salt_mg008                      2.849683091116837    1.000000000000000    0.000000000000000
    salt_mg009                      7.125619347595840    1.000000000000000    0.000000000000000
    salt_mg010                      9.525505884401351    1.000000000000000    0.000000000000000
    salt_mg011                      29.22774015572710    1.000000000000000    0.000000000000000
    salt_mg012                      9.113354798583392    1.000000000000000    0.000000000000000
    salt_mg013                      7.173077293933969    1.000000000000000    0.000000000000000
    salt_mg014                      11.35170454396878    1.000000000000000    0.000000000000000
    salt_mg015                      20.90230184638212    1.000000000000000    0.000000000000000
    salt_mg016                      51.01472651421387    1.000000000000000    0.000000000000000
    salt_mg017                      47.78824104038888    1.000000000000000    0.000000000000000
    salt_mg018                      7.079950685885087    1.000000000000000    0.000000000000000
    salt_mg019                      25.15955033090109    1.000000000000000    0.000000000000000
    salt_mg020                      333.4958336065449    1.000000000000000    0.000000000000000
    salt_mg021                      13.52934441794342    1.000000000000000    0.000000000000000
    salt_mg022                      13.66045045806076    1.000000000000000    0.000000000000000
    salt_mg023                      4.949852311158571    1.000000000000000    0.000000000000000
    salt_mg024                      38.28001615306717    1.000000000000000    0.000000000000000
    salt_mg025                      60.05091558116394    1.000000000000000    0.000000000000000
    salt_mg026                      14.61106451209332    1.000000000000000    0.000000000000000
    salt_mg027                      19.30272902931203    1.000000000000000    0.000000000000000
    salt_mg028                      87.90057737470605    1.000000000000000    0.000000000000000
    salt_mg029                      22.03402923400726    1.000000000000000    0.000000000000000
    salt_mg030                      73.98394644073629    1.000000000000000    0.000000000000000
    salt_mg031                      40.67772306505004    1.000000000000000    0.000000000000000
    salt_mg032                      12.63728193155880    1.000000000000000    0.000000000000000
    salt_mg033                      96.89643541582099    1.000000000000000    0.000000000000000
    salt_mg034                      16.05882853154175    1.000000000000000    0.000000000000000
    salt_mg035                      19.61945194717652    1.000000000000000    0.000000000000000
    salt_mg036                      5.756633346979870    1.000000000000000    0.000000000000000
    salt_na000                      271.9123235755974    1.000000000000000    0.000000000000000
    salt_na001                      215.0927852815922    1.000000000000000    0.000000000000000
    salt_na002                      62.78990716162220    1.000000000000000    0.000000000000000
    salt_na003                      109.2114500939244    1.000000000000000    0.000000000000000
    salt_na004                      48.68042847612094    1.000000000000000    0.000000000000000
    salt_na005                      62.90534977386753    1.000000000000000    0.000000000000000
    salt_na006                      15.04426206415492    1.000000000000000    0.000000000000000
    salt_na007                      276.4559284134687    1.000000000000000    0.000000000000000
    salt_na008                      84.76943347947686    1.000000000000000    0.000000000000000
    salt_na009                      137.5615039268492    1.000000000000000    0.000000000000000
    salt_na010                      51.48990364276748    1.000000000000000    0.000000000000000
    salt_na011                      114.4315759427753    1.000000000000000    0.000000000000000
    salt_na012                      112.3702920964793    1.000000000000000    0.000000000000000
    salt_na013                      83.39789120361857    1.000000000000000    0.000000000000000
    salt_na014                      91.10884854157941    1.000000000000000    0.000000000000000
    salt_na015                      101.9913634912370    1.000000000000000    0.000000000000000
    salt_na016                      397.2427739659867    1.000000000000000    0.000000000000000
    salt_na017                      275.7321422932008    1.000000000000000    0.000000000000000
    salt_na018                      213.7189324076680    1.000000000000000    0.000000000000000
    salt_na019                      113.0273516873602    1.000000000000000    0.000000000000000
    salt_na020                      172.6450477070171    1.000000000000000    0.000000000000000
    salt_na021                      220.0605297845790    1.000000000000000    0.000000000000000
    salt_na022                      24.42457089146740    1.000000000000000    0.000000000000000
    salt_na023                      161.4182318252823    1.000000000000000    0.000000000000000
    salt_na024                      49.82918405359710    1.000000000000000    0.000000000000000
    salt_na025                      92.83195381900073    1.000000000000000    0.000000000000000
    salt_na026                      84.13892305645025    1.000000000000000    0.000000000000000
    salt_na027                      534.4040320345611    1.000000000000000    0.000000000000000
    salt_na028                      77.74106144691585    1.000000000000000    0.000000000000000
    salt_na029                      197.9794629364152    1.000000000000000    0.000000000000000
    salt_na030                      209.6572305798245    1.000000000000000    0.000000000000000
    salt_na031                      102.2804388457905    1.000000000000000    0.000000000000000
    salt_na032                      1404.316223300582    1.000000000000000    0.000000000000000
    salt_na033                      36.96917065353212    1.000000000000000    0.000000000000000
    salt_na034                      451.2308868511663    1.000000000000000    0.000000000000000
    salt_na035                      41.13539477466198    1.000000000000000    0.000000000000000
    salt_na036                      106.1472920716170    1.000000000000000    0.000000000000000
   salt_so4000                      96.04371507143634    1.000000000000000    0.000000000000000
   salt_so4001                      241.1488194456211    1.000000000000000    0.000000000000000
   salt_so4002                      253.2128484522697    1.000000000000000    0.000000000000000
   salt_so4003                      276.7608370702764    1.000000000000000    0.000000000000000
   salt_so4004                      248.8407299259358    1.000000000000000    0.000000000000000
   salt_so4005                      164.8218306877328    1.000000000000000    0.000000000000000
   salt_so4006                      880.1642686422863    1.000000000000000    0.000000000000000
   salt_so4007                      306.7843244195276    1.000000000000000    0.000000000000000
   salt_so4008                      47.64458067929029    1.000000000000000    0.000000000000000
   salt_so4009                      206.5531939665518    1.000000000000000    0.000000000000000
   salt_so4010                      104.1901235297054    1.000000000000000    0.000000000000000
   salt_so4011                      258.3893286685740    1.000000000000000    0.000000000000000
   salt_so4012                      648.4207606883026    1.000000000000000    0.000000000000000
   salt_so4013                      68.15135569645925    1.000000000000000    0.000000000000000
   salt_so4014                      442.4935401327275    1.000000000000000    0.000000000000000
   salt_so4015                      304.4518758127565    1.000000000000000    0.000000000000000
   salt_so4016                      167.1020072944172    1.000000000000000    0.000000000000000
   salt_so4017                      1557.418189960712    1.000000000000000    0.000000000000000
   salt_so4018                      371.8937425194333    1.000000000000000    0.000000000000000
   salt_so4019                      163.5498430798595    1.000000000000000    0.000000000000000
   salt_so4020                      479.8056445721257    1.000000000000000    0.000000000000000
   salt_so4021                      600.7349282354830    1.000000000000000    0.000000000000000
   salt_so4022                      387.3832998800372    1.000000000000000    0.000000000000000
   salt_so4023                      3206.150804728340    1.000000000000000    0.000000000000000
   salt_so4024                      186.3365996152057    1.000000000000000    0.000000000000000
   salt_so4025                      153.9024553611291    1.000000000000000    0.000000000000000
   salt_so4026                      280.7678345885714    1.000000000000000    0.000000000000000
   salt_so4027                      750.0037168539612    1.000000000000000    0.000000000000000
   salt_so4028                      63.33777602814664    1.000000000000000    0.000000000000000
   salt_so4029                      438.0992365564439    1.000000000000000    0.000000000000000
   salt_so4030                      560.4732559823553    1.000000000000000    0.000000000000000
   salt_so4031                      201.7077652971341    1.000000000000000    0.000000000000000
   salt_so4032                      102.1187266026139    1.000000000000000    0.000000000000000
   salt_so4033                      140.7272113550935    1.000000000000000    0.000000000000000
   salt_so4034                      571.9088976135827    1.000000000000000    0.000000000000000
   salt_so4035                      399.2119678274045    1.000000000000000    0.000000000000000
   salt_so4036                      295.4566368783551    1.000000000000000    0.000000000000000
