single point
    aquf_caco3                      5.529362906801695e-06    1.000000000000000    0.000000000000000
    aquf_caso4                      8.374522296718233e-06    1.000000000000000    0.000000000000000
    aquf_mgso4                      1.991620239093386e-05    1.000000000000000    0.000000000000000
   soil_caco_h                      23.90604710044729    1.000000000000000    0.000000000000000
   soil_caco_l                      12.63970438135481    1.000000000000000    0.000000000000000
   soil_caco_m                      15.85426742974261    1.000000000000000    0.000000000000000
  soil_caco_mh                      17.84466387705063    1.000000000000000    0.000000000000000
  soil_caco_ml                      14.60999038441391    1.000000000000000    0.000000000000000
   soil_caso_h                      5.493359444194859    1.000000000000000    0.000000000000000
   soil_caso_l                      0.1937260105507337    1.000000000000000    0.000000000000000
   soil_caso_m                      1.026546560042447    1.000000000000000    0.000000000000000
  soil_caso_mh                      2.213874112973266    1.000000000000000    0.000000000000000
  soil_caso_ml                      0.4845104486262976    1.000000000000000    0.000000000000000
           p12                      1.610000000000000    1.000000000000000    0.000000000000000
           p15                      2.000000000000000e-05    1.000000000000000    0.000000000000000
           p16                      1.450000000000000    1.000000000000000    0.000000000000000
           p17                      0.5000000000000000    1.000000000000000    0.000000000000000
           p20                      0.4000000000000000    1.000000000000000    0.000000000000000
           p23                      0.003200000000000000    1.000000000000000    0.000000000000000
           p25                      1.000000000000000e-05    1.000000000000000    0.000000000000000
           p40                      1.000000000000000    1.000000000000000    0.000000000000000
           p49                      3.170000000000000    1.000000000000000    0.000000000000000
            p5                      0.1150000000000000    1.000000000000000    0.000000000000000
           p50                      0.3000000000000000    1.000000000000000    0.000000000000000
           p51                      0.9000000000000000    1.000000000000000    0.000000000000000
           p61                      0.1150000000000000    1.000000000000000    0.000000000000000
           p90                      1.000000000000000    1.000000000000000    0.000000000000000
           p91                      0.08720000000000000    1.000000000000000    0.000000000000000
           p92                      2.000000000000000    1.000000000000000    0.000000000000000
   rivbot_rg01                      5.000000000000000    1.000000000000000   -5.000000000000000
   rivbot_rg02                      5.000000000000000    1.000000000000000   -5.000000000000000
   rivbot_rg03                      5.000000000000000    1.000000000000000   -5.000000000000000
   rivbot_rg04                      5.000000000000000    1.000000000000000   -5.000000000000000
   rivbot_rg05                      5.000000000000000    1.000000000000000   -5.000000000000000
    rivcd_rg01                      44.70784947112138    1.000000000000000   -50.00000000000000
    rivcd_rg02                      68.32827725942825    1.000000000000000   -50.00000000000000
    rivcd_rg03                      59.27080036327055    1.000000000000000   -50.00000000000000
    rivcd_rg04                      73.66763072835141    1.000000000000000   -50.00000000000000
    rivcd_rg05                      58.10823951806751    1.000000000000000   -50.00000000000000
    salt_ca000                      55.26758853485030    1.000000000000000    0.000000000000000
    salt_ca001                      32.48270242935408    1.000000000000000    0.000000000000000
    salt_ca002                      71.28413724345408    1.000000000000000    0.000000000000000
    salt_ca003                      79.17690399102231    1.000000000000000    0.000000000000000
    salt_ca004                      119.2774577024099    1.000000000000000    0.000000000000000
    salt_ca005                      86.68821154534047    1.000000000000000    0.000000000000000
    salt_ca006                      100.8376391157684    1.000000000000000    0.000000000000000
    salt_ca007                      215.1345312926207    1.000000000000000    0.000000000000000
    salt_ca008                      66.25467001431659    1.000000000000000    0.000000000000000
    salt_ca009                      77.63594918242943    1.000000000000000    0.000000000000000
    salt_ca010                      139.6679203760824    1.000000000000000    0.000000000000000
    salt_ca011                      95.14481925446856    1.000000000000000    0.000000000000000
    salt_ca012                      168.0062228244029    1.000000000000000    0.000000000000000
    salt_ca013                      99.16309602559957    1.000000000000000    0.000000000000000
    salt_ca014                      65.75189285537009    1.000000000000000    0.000000000000000
    salt_ca015                      90.35620462129532    1.000000000000000    0.000000000000000
    salt_ca016                      233.9907504511309    1.000000000000000    0.000000000000000
    salt_ca017                      101.6775819643820    1.000000000000000    0.000000000000000
    salt_ca018                      92.74615593708339    1.000000000000000    0.000000000000000
    salt_ca019                      131.6687642009529    1.000000000000000    0.000000000000000
    salt_ca020                      187.8253177991469    1.000000000000000    0.000000000000000
    salt_ca021                      158.1654668048056    1.000000000000000    0.000000000000000
    salt_ca022                      71.75842019632854    1.000000000000000    0.000000000000000
    salt_ca023                      197.2995770835491    1.000000000000000    0.000000000000000
    salt_ca024                      106.8751622372293    1.000000000000000    0.000000000000000
    salt_ca025                      84.84139227002686    1.000000000000000    0.000000000000000
    salt_ca026                      123.9349069780998    1.000000000000000    0.000000000000000
    salt_ca027                      216.6094836162859    1.000000000000000    0.000000000000000
    salt_ca028                      67.82375187487013    1.000000000000000    0.000000000000000
    salt_ca029                      90.25462246044646    1.000000000000000    0.000000000000000
    salt_ca030                      87.33951690565448    1.000000000000000    0.000000000000000
    salt_ca031                      99.51612659470608    1.000000000000000    0.000000000000000
    salt_ca032                      68.48574867291781    1.000000000000000    0.000000000000000
    salt_ca033                      105.3377080991261    1.000000000000000    0.000000000000000
    salt_ca034                      115.4279213542324    1.000000000000000    0.000000000000000
    salt_ca035                      81.85211632870214    1.000000000000000    0.000000000000000
    salt_ca036                      33.01613061423801    1.000000000000000    0.000000000000000
    salt_cl000                      200.4112826173252    1.000000000000000    0.000000000000000
    salt_cl001                      162.1062025601690    1.000000000000000    0.000000000000000
    salt_cl002                      160.8688677576428    1.000000000000000    0.000000000000000
    salt_cl003                      98.65687597883630    1.000000000000000    0.000000000000000
    salt_cl004                      210.0192320707639    1.000000000000000    0.000000000000000
    salt_cl005                      155.1292374334494    1.000000000000000    0.000000000000000
    salt_cl006                      89.26428126139353    1.000000000000000    0.000000000000000
    salt_cl007                      100.8916168190623    1.000000000000000    0.000000000000000
    salt_cl008                      84.96503618027373    1.000000000000000    0.000000000000000
    salt_cl009                      56.54884226804572    1.000000000000000    0.000000000000000
    salt_cl010                      72.37296372655240    1.000000000000000    0.000000000000000
    salt_cl011                      140.5105358933936    1.000000000000000    0.000000000000000
    salt_cl012                      135.9088397841452    1.000000000000000    0.000000000000000
    salt_cl013                      117.3927749888179    1.000000000000000    0.000000000000000
    salt_cl014                      174.1038291229110    1.000000000000000    0.000000000000000
    salt_cl015                      64.38383219107776    1.000000000000000    0.000000000000000
    salt_cl016                      171.0373707995477    1.000000000000000    0.000000000000000
    salt_cl017                      131.5233076853096    1.000000000000000    0.000000000000000
    salt_cl018                      234.3423411897993    1.000000000000000    0.000000000000000
    salt_cl019                      105.3353377421680    1.000000000000000    0.000000000000000
    salt_cl020                      102.1646725054724    1.000000000000000    0.000000000000000
    salt_cl021                      83.84875879538932    1.000000000000000    0.000000000000000
    salt_cl022                      130.8846059256741    1.000000000000000    0.000000000000000
    salt_cl023                      135.6639709321377    1.000000000000000    0.000000000000000
    salt_cl024                      225.8989771665400    1.000000000000000    0.000000000000000
    salt_cl025                      92.74482402768979    1.000000000000000    0.000000000000000
    salt_cl026                      90.57991880040338    1.000000000000000    0.000000000000000
    salt_cl027                      177.0884400323995    1.000000000000000    0.000000000000000
    salt_cl028                      164.9188804278438    1.000000000000000    0.000000000000000
    salt_cl029                      162.8376105589944    1.000000000000000    0.000000000000000
    salt_cl030                      116.2753667364936    1.000000000000000    0.000000000000000
    salt_cl031                      180.7204982301197    1.000000000000000    0.000000000000000
    salt_cl032                      140.1785539688315    1.000000000000000    0.000000000000000
    salt_cl033                      190.1882219872017    1.000000000000000    0.000000000000000
    salt_cl034                      84.13899785903618    1.000000000000000    0.000000000000000
    salt_cl035                      308.4205313085707    1.000000000000000    0.000000000000000
    salt_cl036                      225.4268546239904    1.000000000000000    0.000000000000000
   salt_co3000                      4.314494643906811    1.000000000000000    0.000000000000000
   salt_co3001                      4.308045440125808    1.000000000000000    0.000000000000000
   salt_co3002                      5.570240791078130    1.000000000000000    0.000000000000000
   salt_co3003                      3.060911348431818    1.000000000000000    0.000000000000000
   salt_co3004                      4.806432724376179    1.000000000000000    0.000000000000000
   salt_co3005                      7.480841423481676    1.000000000000000    0.000000000000000
   salt_co3006                      1.987260476936239    1.000000000000000    0.000000000000000
   salt_co3007                      1.714774264741197    1.000000000000000    0.000000000000000
   salt_co3008                      5.184940298524777    1.000000000000000    0.000000000000000
   salt_co3009                      1.675961502171251    1.000000000000000    0.000000000000000
   salt_co3010                      3.060948204079065    1.000000000000000    0.000000000000000
   salt_co3011                      4.031627246493373    1.000000000000000    0.000000000000000
   salt_co3012                      4.286196524028883    1.000000000000000    0.000000000000000
   salt_co3013                      3.825742248530072    1.000000000000000    0.000000000000000
   salt_co3014                      2.237908342116729    1.000000000000000    0.000000000000000
   salt_co3015                      3.219365838662868    1.000000000000000    0.000000000000000
   salt_co3016                      7.195211515828021    1.000000000000000    0.000000000000000
   salt_co3017                      4.165297053795371    1.000000000000000    0.000000000000000
   salt_co3018                      4.734124675323828    1.000000000000000    0.000000000000000
   salt_co3019                      3.414987915189815    1.000000000000000    0.000000000000000
   salt_co3020                      3.678440945792057    1.000000000000000    0.000000000000000
   salt_co3021                      2.548967443595679    1.000000000000000    0.000000000000000
   salt_co3022                      2.503457452541351    1.000000000000000    0.000000000000000
   salt_co3023                      4.444265822518318    1.000000000000000    0.000000000000000
   salt_co3024                      2.617870820905775    1.000000000000000    0.000000000000000
   salt_co3025                      1.383200669241298    1.000000000000000    0.000000000000000
   salt_co3026                      1.994070381408050    1.000000000000000    0.000000000000000
   salt_co3027                      3.791987895684149    1.000000000000000    0.000000000000000
   salt_co3028                      4.832772943170401    1.000000000000000    0.000000000000000
   salt_co3029                      4.463451422197585    1.000000000000000    0.000000000000000
   salt_co3030                      2.449595086521100    1.000000000000000    0.000000000000000
   salt_co3031                      3.759457630437204    1.000000000000000    0.000000000000000
   salt_co3032                      5.479524533798680    1.000000000000000    0.000000000000000
   salt_co3033                      9.051648642014955    1.000000000000000    0.000000000000000
   salt_co3034                      3.458653136612964    1.000000000000000    0.000000000000000
   salt_co3035                      6.255981274283323    1.000000000000000    0.000000000000000
   salt_co3036                      3.522416788073506    1.000000000000000    0.000000000000000
  salt_hco3000                      303.2380995501092    1.000000000000000    0.000000000000000
  salt_hco3001                      557.6320200262385    1.000000000000000    0.000000000000000
  salt_hco3002                      361.8265487075256    1.000000000000000    0.000000000000000
  salt_hco3003                      304.5353301270387    1.000000000000000    0.000000000000000
  salt_hco3004                      307.6812712664735    1.000000000000000    0.000000000000000
  salt_hco3005                      276.7510890381392    1.000000000000000    0.000000000000000
  salt_hco3006                      242.2094239651876    1.000000000000000    0.000000000000000
  salt_hco3007                      568.5864994165571    1.000000000000000    0.000000000000000
  salt_hco3008                      232.9914911983525    1.000000000000000    0.000000000000000
  salt_hco3009                      302.5807550914786    1.000000000000000    0.000000000000000
  salt_hco3010                      347.8506010515771    1.000000000000000    0.000000000000000
  salt_hco3011                      124.6336095573099    1.000000000000000    0.000000000000000
  salt_hco3012                      337.4241304125929    1.000000000000000    0.000000000000000
  salt_hco3013                      319.5214860465303    1.000000000000000    0.000000000000000
  salt_hco3014                      290.5741298802886    1.000000000000000    0.000000000000000
  salt_hco3015                      236.6835412330424    1.000000000000000    0.000000000000000
  salt_hco3016                      714.0968115867314    1.000000000000000    0.000000000000000
  salt_hco3017                      591.1163562548153    1.000000000000000    0.000000000000000
  salt_hco3018                      357.2373405816780    1.000000000000000    0.000000000000000
  salt_hco3019                      1168.178609731215    1.000000000000000    0.000000000000000
  salt_hco3020                      494.0074703331065    1.000000000000000    0.000000000000000
  salt_hco3021                      298.4069661069974    1.000000000000000    0.000000000000000
  salt_hco3022                      477.1335857163339    1.000000000000000    0.000000000000000
  salt_hco3023                      495.1923426842077    1.000000000000000    0.000000000000000
  salt_hco3024                      937.8673705100396    1.000000000000000    0.000000000000000
  salt_hco3025                      305.3939399500298    1.000000000000000    0.000000000000000
  salt_hco3026                      393.7243120399081    1.000000000000000    0.000000000000000
  salt_hco3027                      423.3051636256417    1.000000000000000    0.000000000000000
  salt_hco3028                      227.2768220771231    1.000000000000000    0.000000000000000
  salt_hco3029                      759.9629639189002    1.000000000000000    0.000000000000000
  salt_hco3030                      301.3951936973403    1.000000000000000    0.000000000000000
  salt_hco3031                      476.5055217691621    1.000000000000000    0.000000000000000
  salt_hco3032                      325.9165023589891    1.000000000000000    0.000000000000000
  salt_hco3033                      186.9245638624538    1.000000000000000    0.000000000000000
  salt_hco3034                      244.7306023867410    1.000000000000000    0.000000000000000
  salt_hco3035                      366.5647681353400    1.000000000000000    0.000000000000000
  salt_hco3036                      530.1747047597149    1.000000000000000    0.000000000000000
     salt_k000                      1.324960298486350    1.000000000000000    0.000000000000000
     salt_k001                      1.576574372264882    1.000000000000000    0.000000000000000
     salt_k002                      6.064491245062825    1.000000000000000    0.000000000000000
     salt_k003                      2.636134712330667    1.000000000000000    0.000000000000000
     salt_k004                      1.875329822461294    1.000000000000000    0.000000000000000
     salt_k005                      2.777397499088075    1.000000000000000    0.000000000000000
     salt_k006                      3.614334639770754    1.000000000000000    0.000000000000000
     salt_k007                      0.8312760497402850    1.000000000000000    0.000000000000000
     salt_k008                      1.485610919899581    1.000000000000000    0.000000000000000
     salt_k009                      1.729432039096932    1.000000000000000    0.000000000000000
     salt_k010                      3.139223312217152    1.000000000000000    0.000000000000000
     salt_k011                      1.583672561911401    1.000000000000000    0.000000000000000
     salt_k012                      4.112482252810094    1.000000000000000    0.000000000000000
     salt_k013                      1.917084946815251    1.000000000000000    0.000000000000000
     salt_k014                      1.471925694107903    1.000000000000000    0.000000000000000
     salt_k015                      2.772669056386908    1.000000000000000    0.000000000000000
     salt_k016                      4.342103325524195    1.000000000000000    0.000000000000000
     salt_k017                      2.773519852038614    1.000000000000000    0.000000000000000
     salt_k018                      0.9421153189195151    1.000000000000000    0.000000000000000
     salt_k019                      1.878499920325783    1.000000000000000    0.000000000000000
     salt_k020                      2.327714643662107    1.000000000000000    0.000000000000000
     salt_k021                      1.673790665750170    1.000000000000000    0.000000000000000
     salt_k022                      2.259794009276737    1.000000000000000    0.000000000000000
     salt_k023                      8.502543154890848    1.000000000000000    0.000000000000000
     salt_k024                      3.442480975042017    1.000000000000000    0.000000000000000
     salt_k025                      11.24186062493565    1.000000000000000    0.000000000000000
     salt_k026                      2.117626927445691    1.000000000000000    0.000000000000000
     salt_k027                      4.041844926380461    1.000000000000000    0.000000000000000
     salt_k028                      3.058114725040455    1.000000000000000    0.000000000000000
     salt_k029                      3.227500603197175    1.000000000000000    0.000000000000000
     salt_k030                      4.106660751987418    1.000000000000000    0.000000000000000
     salt_k031                      2.826135986065778    1.000000000000000    0.000000000000000
     salt_k032                      2.278095975723554    1.000000000000000    0.000000000000000
     salt_k033                      2.077381249575130    1.000000000000000    0.000000000000000
     salt_k034                      2.993670657012123    1.000000000000000    0.000000000000000
     salt_k035                      1.606645323703199    1.000000000000000    0.000000000000000
     salt_k036                      3.099187750717122    1.000000000000000    0.000000000000000
    salt_mg000                      20.96608168043457    1.000000000000000    0.000000000000000
    salt_mg001                      8.371757899303979    1.000000000000000    0.000000000000000
    salt_mg002                      18.49432604558719    1.000000000000000    0.000000000000000
    salt_mg003                      37.93486582169390    1.000000000000000    0.000000000000000
    salt_mg004                      26.57226892383400    1.000000000000000    0.000000000000000
    salt_mg005                      17.61843395385972    1.000000000000000    0.000000000000000
    salt_mg006                      22.08513756105458    1.000000000000000    0.000000000000000
    salt_mg007                      18.12607819443084    1.000000000000000    0.000000000000000
    salt_mg008                      8.481343351590510    1.000000000000000    0.000000000000000
    salt_mg009                      12.36712181915920    1.000000000000000    0.000000000000000
    salt_mg010                      12.72136193734648    1.000000000000000    0.000000000000000
    salt_mg011                      19.38057908748486    1.000000000000000    0.000000000000000
    salt_mg012                      13.55802760595951    1.000000000000000    0.000000000000000
    salt_mg013                      15.44716960179260    1.000000000000000    0.000000000000000
    salt_mg014                      11.52499743078161    1.000000000000000    0.000000000000000
    salt_mg015                      20.91059750824181    1.000000000000000    0.000000000000000
    salt_mg016                      31.29394029701862    1.000000000000000    0.000000000000000
    salt_mg017                      20.96651343063925    1.000000000000000    0.000000000000000
    salt_mg018                      16.34321693539907    1.000000000000000    0.000000000000000
    salt_mg019                      30.92326192530078    1.000000000000000    0.000000000000000
    salt_mg020                      37.47681644480815    1.000000000000000    0.000000000000000
    salt_mg021                      13.59404561800820    1.000000000000000    0.000000000000000
    salt_mg022                      16.51995298882828    1.000000000000000    0.000000000000000
    salt_mg023                      12.73350624659723    1.000000000000000    0.000000000000000
    salt_mg024                      30.60740166085719    1.000000000000000    0.000000000000000
    salt_mg025                      22.19082894712427    1.000000000000000    0.000000000000000
    salt_mg026                      26.07727910727658    1.000000000000000    0.000000000000000
    salt_mg027                      19.71643432958609    1.000000000000000    0.000000000000000
    salt_mg028                      36.43679101606766    1.000000000000000    0.000000000000000
    salt_mg029                      19.91215074214214    1.000000000000000    0.000000000000000
    salt_mg030                      23.79546362916708    1.000000000000000    0.000000000000000
    salt_mg031                      10.71645998924506    1.000000000000000    0.000000000000000
    salt_mg032                      11.77278021410858    1.000000000000000    0.000000000000000
    salt_mg033                      34.71034248165067    1.000000000000000    0.000000000000000
    salt_mg034                      25.14679489331681    1.000000000000000    0.000000000000000
    salt_mg035                      10.98175173246987    1.000000000000000    0.000000000000000
    salt_mg036                      14.24000140679022    1.000000000000000    0.000000000000000
    salt_na000                      183.7946273771064    1.000000000000000    0.000000000000000
    salt_na001                      215.3886144319383    1.000000000000000    0.000000000000000
    salt_na002                      107.8710544198160    1.000000000000000    0.000000000000000
    salt_na003                      165.5571448437626    1.000000000000000    0.000000000000000
    salt_na004                      160.4044521246693    1.000000000000000    0.000000000000000
    salt_na005                      113.3661053740601    1.000000000000000    0.000000000000000
    salt_na006                      59.37509145390369    1.000000000000000    0.000000000000000
    salt_na007                      227.1475643292445    1.000000000000000    0.000000000000000
    salt_na008                      64.97947819179677    1.000000000000000    0.000000000000000
    salt_na009                      184.4764422490694    1.000000000000000    0.000000000000000
    salt_na010                      85.09226163221821    1.000000000000000    0.000000000000000
    salt_na011                      96.51366230587867    1.000000000000000    0.000000000000000
    salt_na012                      134.3674443149259    1.000000000000000    0.000000000000000
    salt_na013                      87.14795216177481    1.000000000000000    0.000000000000000
    salt_na014                      95.11547227341998    1.000000000000000    0.000000000000000
    salt_na015                      108.7991533957792    1.000000000000000    0.000000000000000
    salt_na016                      258.7406688982516    1.000000000000000    0.000000000000000
    salt_na017                      144.2551847179796    1.000000000000000    0.000000000000000
    salt_na018                      181.8870277383174    1.000000000000000    0.000000000000000
    salt_na019                      128.6445538261875    1.000000000000000    0.000000000000000
    salt_na020                      175.0853959708918    1.000000000000000    0.000000000000000
    salt_na021                      186.7348068947131    1.000000000000000    0.000000000000000
    salt_na022                      53.06433460905598    1.000000000000000    0.000000000000000
    salt_na023                      158.0966243726684    1.000000000000000    0.000000000000000
    salt_na024                      62.16135203966395    1.000000000000000    0.000000000000000
    salt_na025                      138.6155857871330    1.000000000000000    0.000000000000000
    salt_na026                      219.3108264898260    1.000000000000000    0.000000000000000
    salt_na027                      311.6136834487493    1.000000000000000    0.000000000000000
    salt_na028                      76.70238493344431    1.000000000000000    0.000000000000000
    salt_na029                      163.3135612880702    1.000000000000000    0.000000000000000
    salt_na030                      203.4287088736245    1.000000000000000    0.000000000000000
    salt_na031                      131.6247055072468    1.000000000000000    0.000000000000000
    salt_na032                      402.6769236661387    1.000000000000000    0.000000000000000
    salt_na033                      102.0734052364499    1.000000000000000    0.000000000000000
    salt_na034                      170.9512890360667    1.000000000000000    0.000000000000000
    salt_na035                      109.9585927667458    1.000000000000000    0.000000000000000
    salt_na036                      164.2570946930840    1.000000000000000    0.000000000000000
   salt_so4000                      178.9200017829477    1.000000000000000    0.000000000000000
   salt_so4001                      260.6065289740245    1.000000000000000    0.000000000000000
   salt_so4002                      281.3983475924102    1.000000000000000    0.000000000000000
   salt_so4003                      562.3805140799807    1.000000000000000    0.000000000000000
   salt_so4004                      183.4989148731038    1.000000000000000    0.000000000000000
   salt_so4005                      259.4907538081980    1.000000000000000    0.000000000000000
   salt_so4006                      245.9280090801957    1.000000000000000    0.000000000000000
   salt_so4007                      248.1816977074977    1.000000000000000    0.000000000000000
   salt_so4008                      148.7454661667197    1.000000000000000    0.000000000000000
   salt_so4009                      338.6874475318827    1.000000000000000    0.000000000000000
   salt_so4010                      248.8349787132784    1.000000000000000    0.000000000000000
   salt_so4011                      244.8180758085266    1.000000000000000    0.000000000000000
   salt_so4012                      460.1875197996642    1.000000000000000    0.000000000000000
   salt_so4013                      139.1969663656900    1.000000000000000    0.000000000000000
   salt_so4014                      238.6056627111451    1.000000000000000    0.000000000000000
   salt_so4015                      151.8953854726113    1.000000000000000    0.000000000000000
   salt_so4016                      204.1540573632053    1.000000000000000    0.000000000000000
   salt_so4017                      603.2517839888225    1.000000000000000    0.000000000000000
   salt_so4018                      227.2768483439324    1.000000000000000    0.000000000000000
   salt_so4019                      213.9061483335473    1.000000000000000    0.000000000000000
   salt_so4020                      525.1959799693165    1.000000000000000    0.000000000000000
   salt_so4021                      373.0569415359556    1.000000000000000    0.000000000000000
   salt_so4022                      230.6003282623914    1.000000000000000    0.000000000000000
   salt_so4023                      1744.094816729759    1.000000000000000    0.000000000000000
   salt_so4024                      195.7510265568013    1.000000000000000    0.000000000000000
   salt_so4025                      124.6027242111110    1.000000000000000    0.000000000000000
   salt_so4026                      300.4138045680359    1.000000000000000    0.000000000000000
   salt_so4027                      380.0311575354091    1.000000000000000    0.000000000000000
   salt_so4028                      219.2609526151311    1.000000000000000    0.000000000000000
   salt_so4029                      295.1186196340462    1.000000000000000    0.000000000000000
   salt_so4030                      338.4570628703266    1.000000000000000    0.000000000000000
   salt_so4031                      191.2995112359299    1.000000000000000    0.000000000000000
   salt_so4032                      129.5790073481654    1.000000000000000    0.000000000000000
   salt_so4033                      189.6599575410541    1.000000000000000    0.000000000000000
   salt_so4034                      242.9719051888360    1.000000000000000    0.000000000000000
   salt_so4035                      279.7185954764839    1.000000000000000    0.000000000000000
   salt_so4036                      256.5528727866601    1.000000000000000    0.000000000000000
