single point
    aquf_caco3                      3.633053858616792e-08    1.000000000000000    0.000000000000000
    aquf_caso4                      5.445889237031506e-06    1.000000000000000    0.000000000000000
    aquf_mgso4                      6.305918180561480e-05    1.000000000000000    0.000000000000000
   soil_caco_h                      23.54966127077140    1.000000000000000    0.000000000000000
   soil_caco_l                      12.97169775342527    1.000000000000000    0.000000000000000
   soil_caco_m                      16.06237558529788    1.000000000000000    0.000000000000000
  soil_caco_mh                      17.67999581464682    1.000000000000000    0.000000000000000
  soil_caco_ml                      14.89366962163611    1.000000000000000    0.000000000000000
   soil_caso_h                      4.640728283012319    1.000000000000000    0.000000000000000
   soil_caso_l                      0.1496776110914968    1.000000000000000    0.000000000000000
   soil_caso_m                      1.013103833484243    1.000000000000000    0.000000000000000
  soil_caso_mh                      2.217226886450801    1.000000000000000    0.000000000000000
  soil_caso_ml                      0.5058160395526975    1.000000000000000    0.000000000000000
           p12                      1.610000000000000    1.000000000000000    0.000000000000000
           p15                      2.000000000000000e-05    1.000000000000000    0.000000000000000
           p16                      1.450000000000000    1.000000000000000    0.000000000000000
           p17                      0.5000000000000000    1.000000000000000    0.000000000000000
           p20                      0.4000000000000000    1.000000000000000    0.000000000000000
           p23                      0.003200000000000000    1.000000000000000    0.000000000000000
           p25                      1.000000000000000e-05    1.000000000000000    0.000000000000000
           p40                      1.000000000000000    1.000000000000000    0.000000000000000
           p49                      3.170000000000000    1.000000000000000    0.000000000000000
            p5                      0.1150000000000000    1.000000000000000    0.000000000000000
           p50                      0.3000000000000000    1.000000000000000    0.000000000000000
           p51                      0.9000000000000000    1.000000000000000    0.000000000000000
           p61                      0.1150000000000000    1.000000000000000    0.000000000000000
           p90                      1.000000000000000    1.000000000000000    0.000000000000000
           p91                      0.08720000000000000    1.000000000000000    0.000000000000000
           p92                      2.000000000000000    1.000000000000000    0.000000000000000
   rivbot_rg01                      5.000000000000000    1.000000000000000   -5.000000000000000
   rivbot_rg02                      5.000000000000000    1.000000000000000   -5.000000000000000
   rivbot_rg03                      5.000000000000000    1.000000000000000   -5.000000000000000
   rivbot_rg04                      5.000000000000000    1.000000000000000   -5.000000000000000
   rivbot_rg05                      5.000000000000000    1.000000000000000   -5.000000000000000
    rivcd_rg01                      26.56889430821129    1.000000000000000   -50.00000000000000
    rivcd_rg02                      100.0000000000000    1.000000000000000   -50.00000000000000
    rivcd_rg03                      29.77708087688127    1.000000000000000   -50.00000000000000
    rivcd_rg04                      100.0000000000000    1.000000000000000   -50.00000000000000
    rivcd_rg05                      87.13459884182345    1.000000000000000   -50.00000000000000
    salt_ca000                      20.81263515010730    1.000000000000000    0.000000000000000
    salt_ca001                      4.373704479404445    1.000000000000000    0.000000000000000
    salt_ca002                      43.83214541404454    1.000000000000000    0.000000000000000
    salt_ca003                      72.50391809102972    1.000000000000000    0.000000000000000
    salt_ca004                      90.00903053415362    1.000000000000000    0.000000000000000
    salt_ca005                      142.9251205210712    1.000000000000000    0.000000000000000
    salt_ca006                      27.29800560063926    1.000000000000000    0.000000000000000
    salt_ca007                      167.3176732238588    1.000000000000000    0.000000000000000
    salt_ca008                      37.69606236135536    1.000000000000000    0.000000000000000
    salt_ca009                      38.09106456683156    1.000000000000000    0.000000000000000
    salt_ca010                      27.86859926365430    1.000000000000000    0.000000000000000
    salt_ca011                      14.34575510576367    1.000000000000000    0.000000000000000
    salt_ca012                      89.51778690479061    1.000000000000000    0.000000000000000
    salt_ca013                      60.46749621504036    1.000000000000000    0.000000000000000
    salt_ca014                      22.15465534903458    1.000000000000000    0.000000000000000
    salt_ca015                      44.85875649190552    1.000000000000000    0.000000000000000
    salt_ca016                      229.7359145268297    1.000000000000000    0.000000000000000
    salt_ca017                      51.44726055531515    1.000000000000000    0.000000000000000
    salt_ca018                      196.4479686311767    1.000000000000000    0.000000000000000
    salt_ca019                      1060.877168000962    1.000000000000000    0.000000000000000
    salt_ca020                      1134.509157158774    1.000000000000000    0.000000000000000
    salt_ca021                      1165.151524848648    1.000000000000000    0.000000000000000
    salt_ca022                      6.420760489499976    1.000000000000000    0.000000000000000
    salt_ca023                      587.5116292518335    1.000000000000000    0.000000000000000
    salt_ca024                      275.9948351936935    1.000000000000000    0.000000000000000
    salt_ca025                      231.2963636636334    1.000000000000000    0.000000000000000
    salt_ca026                      668.8181002212694    1.000000000000000    0.000000000000000
    salt_ca027                      163.5002395033497    1.000000000000000    0.000000000000000
    salt_ca028                      8.539090623497817    1.000000000000000    0.000000000000000
    salt_ca029                      59.34084387963357    1.000000000000000    0.000000000000000
    salt_ca030                      79.78195377349422    1.000000000000000    0.000000000000000
    salt_ca031                      287.9930292450776    1.000000000000000    0.000000000000000
    salt_ca032                      37.16990144035462    1.000000000000000    0.000000000000000
    salt_ca033                      421.1625039105097    1.000000000000000    0.000000000000000
    salt_ca034                      46.96067995977507    1.000000000000000    0.000000000000000
    salt_ca035                      27.24674187530454    1.000000000000000    0.000000000000000
    salt_ca036                      13.85287814291257    1.000000000000000    0.000000000000000
    salt_cl000                      82.88458007510479    1.000000000000000    0.000000000000000
    salt_cl001                      113.4947523109214    1.000000000000000    0.000000000000000
    salt_cl002                      108.7439586737573    1.000000000000000    0.000000000000000
    salt_cl003                      28.72200034441155    1.000000000000000    0.000000000000000
    salt_cl004                      122.1206120134771    1.000000000000000    0.000000000000000
    salt_cl005                      438.2948914850829    1.000000000000000    0.000000000000000
    salt_cl006                      60.48345812597871    1.000000000000000    0.000000000000000
    salt_cl007                      105.0845999602404    1.000000000000000    0.000000000000000
    salt_cl008                      68.44123846658324    1.000000000000000    0.000000000000000
    salt_cl009                      33.34899474297122    1.000000000000000    0.000000000000000
    salt_cl010                      115.6961236128591    1.000000000000000    0.000000000000000
    salt_cl011                      25.60061706634704    1.000000000000000    0.000000000000000
    salt_cl012                      107.1846860283986    1.000000000000000    0.000000000000000
    salt_cl013                      137.3507511524103    1.000000000000000    0.000000000000000
    salt_cl014                      51.95155900483361    1.000000000000000    0.000000000000000
    salt_cl015                      12.86846556159800    1.000000000000000    0.000000000000000
    salt_cl016                      379.0643910231925    1.000000000000000    0.000000000000000
    salt_cl017                      77.86916718059268    1.000000000000000    0.000000000000000
    salt_cl018                      217.6477245949017    1.000000000000000    0.000000000000000
    salt_cl019                      14.90913286401102    1.000000000000000    0.000000000000000
    salt_cl020                      13.05630206396955    1.000000000000000    0.000000000000000
    salt_cl021                      19.64050959125020    1.000000000000000    0.000000000000000
    salt_cl022                      251.6137451124559    1.000000000000000    0.000000000000000
    salt_cl023                      214.7573541729215    1.000000000000000    0.000000000000000
    salt_cl024                      332.2526922946138    1.000000000000000    0.000000000000000
    salt_cl025                      73.06370519161472    1.000000000000000    0.000000000000000
    salt_cl026                      48.64389577369763    1.000000000000000    0.000000000000000
    salt_cl027                      105.4842286485379    1.000000000000000    0.000000000000000
    salt_cl028                      508.2093205891301    1.000000000000000    0.000000000000000
    salt_cl029                      55.91902113307252    1.000000000000000    0.000000000000000
    salt_cl030                      48.63781640188687    1.000000000000000    0.000000000000000
    salt_cl031                      153.3785859770019    1.000000000000000    0.000000000000000
    salt_cl032                      47.29184886020886    1.000000000000000    0.000000000000000
    salt_cl033                      360.2374644881279    1.000000000000000    0.000000000000000
    salt_cl034                      328.7908100243733    1.000000000000000    0.000000000000000
    salt_cl035                      429.7590625893234    1.000000000000000    0.000000000000000
    salt_cl036                      135.1093575848016    1.000000000000000    0.000000000000000
   salt_co3000                      1.868108073816010    1.000000000000000    0.000000000000000
   salt_co3001                      1.895042644605365    1.000000000000000    0.000000000000000
   salt_co3002                      13.78629008249231    1.000000000000000    0.000000000000000
   salt_co3003                      1.579959891847936    1.000000000000000    0.000000000000000
   salt_co3004                      5.408697972502304    1.000000000000000    0.000000000000000
   salt_co3005                      17.10980968337069    1.000000000000000    0.000000000000000
   salt_co3006                      0.7016170116068420    1.000000000000000    0.000000000000000
   salt_co3007                      0.4536850161738464    1.000000000000000    0.000000000000000
   salt_co3008                      0.6300144744298067    1.000000000000000    0.000000000000000
   salt_co3009                      0.5330493066699241    1.000000000000000    0.000000000000000
   salt_co3010                      4.523277095144175    1.000000000000000    0.000000000000000
   salt_co3011                      0.6729937973519038    1.000000000000000    0.000000000000000
   salt_co3012                      1.785760658902405    1.000000000000000    0.000000000000000
   salt_co3013                      13.01979024479408    1.000000000000000    0.000000000000000
   salt_co3014                      0.5354796495919587    1.000000000000000    0.000000000000000
   salt_co3015                      1.452907316453346    1.000000000000000    0.000000000000000
   salt_co3016                      6.010238501941060    1.000000000000000    0.000000000000000
   salt_co3017                      3.046680251303786    1.000000000000000    0.000000000000000
   salt_co3018                      4.550036692342796    1.000000000000000    0.000000000000000
   salt_co3019                      0.4488331705590431    1.000000000000000    0.000000000000000
   salt_co3020                      6.059080049507352    1.000000000000000    0.000000000000000
   salt_co3021                      7.817995541976254    1.000000000000000    0.000000000000000
   salt_co3022                      3.115448958037803    1.000000000000000    0.000000000000000
   salt_co3023                      3.561957848865015    1.000000000000000    0.000000000000000
   salt_co3024                      0.9839760824059929    1.000000000000000    0.000000000000000
   salt_co3025                      1.207797235509195    1.000000000000000    0.000000000000000
   salt_co3026                      2.889005300332776    1.000000000000000    0.000000000000000
   salt_co3027                      3.820639441476885    1.000000000000000    0.000000000000000
   salt_co3028                      7.544139670114528    1.000000000000000    0.000000000000000
   salt_co3029                      15.71146187969572    1.000000000000000    0.000000000000000
   salt_co3030                      0.9245862783927276    1.000000000000000    0.000000000000000
   salt_co3031                      2.671479693296194    1.000000000000000    0.000000000000000
   salt_co3032                      2.189504966781927    1.000000000000000    0.000000000000000
   salt_co3033                      20.05163848003486    1.000000000000000    0.000000000000000
   salt_co3034                      3.278527165179278    1.000000000000000    0.000000000000000
   salt_co3035                      4.101077391486403    1.000000000000000    0.000000000000000
   salt_co3036                      7.599093262696729    1.000000000000000    0.000000000000000
  salt_hco3000                      172.4630476798885    1.000000000000000    0.000000000000000
  salt_hco3001                      1083.623078508098    1.000000000000000    0.000000000000000
  salt_hco3002                      210.5317013912931    1.000000000000000    0.000000000000000
  salt_hco3003                      521.3206773297675    1.000000000000000    0.000000000000000
  salt_hco3004                      1102.432262719298    1.000000000000000    0.000000000000000
  salt_hco3005                      128.4225352429779    1.000000000000000    0.000000000000000
  salt_hco3006                      190.0297784734543    1.000000000000000    0.000000000000000
  salt_hco3007                      829.3329704467345    1.000000000000000    0.000000000000000
  salt_hco3008                      135.6641061481604    1.000000000000000    0.000000000000000
  salt_hco3009                      148.7663166392337    1.000000000000000    0.000000000000000
  salt_hco3010                      365.3442877850035    1.000000000000000    0.000000000000000
  salt_hco3011                      35.23037634058333    1.000000000000000    0.000000000000000
  salt_hco3012                      231.0042499101029    1.000000000000000    0.000000000000000
  salt_hco3013                      85.29209657986284    1.000000000000000    0.000000000000000
  salt_hco3014                      79.35513360886156    1.000000000000000    0.000000000000000
  salt_hco3015                      374.5189952837877    1.000000000000000    0.000000000000000
  salt_hco3016                      458.4704506614368    1.000000000000000    0.000000000000000
  salt_hco3017                      837.0932550409915    1.000000000000000    0.000000000000000
  salt_hco3018                      63.07599342419881    1.000000000000000    0.000000000000000
  salt_hco3019                      2229.730280182832    1.000000000000000    0.000000000000000
  salt_hco3020                      1329.057333818054    1.000000000000000    0.000000000000000
  salt_hco3021                      51.58866338906995    1.000000000000000    0.000000000000000
  salt_hco3022                      117.9438339709849    1.000000000000000    0.000000000000000
  salt_hco3023                      117.2344165532617    1.000000000000000    0.000000000000000
  salt_hco3024                      10655.78168315468    1.000000000000000    0.000000000000000
  salt_hco3025                      412.8357770645355    1.000000000000000    0.000000000000000
  salt_hco3026                      865.2546217685917    1.000000000000000    0.000000000000000
  salt_hco3027                      1538.422088202378    1.000000000000000    0.000000000000000
  salt_hco3028                      108.0003780944468    1.000000000000000    0.000000000000000
  salt_hco3029                      796.9479447246466    1.000000000000000    0.000000000000000
  salt_hco3030                      497.6059638389270    1.000000000000000    0.000000000000000
  salt_hco3031                      800.8455037835606    1.000000000000000    0.000000000000000
  salt_hco3032                      1381.657558537866    1.000000000000000    0.000000000000000
  salt_hco3033                      189.2511494484017    1.000000000000000    0.000000000000000
  salt_hco3034                      1078.456656139673    1.000000000000000    0.000000000000000
  salt_hco3035                      102.7628353412920    1.000000000000000    0.000000000000000
  salt_hco3036                      310.3324134444906    1.000000000000000    0.000000000000000
     salt_k000                      0.8655266091488439    1.000000000000000    0.000000000000000
     salt_k001                      2.114842928497085    1.000000000000000    0.000000000000000
     salt_k002                      21.55093290634072    1.000000000000000    0.000000000000000
     salt_k003                      4.450623413232702    1.000000000000000    0.000000000000000
     salt_k004                      1.205157168622637    1.000000000000000    0.000000000000000
     salt_k005                      1.983011457356595    1.000000000000000    0.000000000000000
     salt_k006                      15.10455671584696    1.000000000000000    0.000000000000000
     salt_k007                      0.4980401343416302    1.000000000000000    0.000000000000000
     salt_k008                      0.3091545785525505    1.000000000000000    0.000000000000000
     salt_k009                      2.580632625217887    1.000000000000000    0.000000000000000
     salt_k010                      2.304203943654449    1.000000000000000    0.000000000000000
     salt_k011                      1.520040428589592    1.000000000000000    0.000000000000000
     salt_k012                      2.553443803554636    1.000000000000000    0.000000000000000
     salt_k013                      0.9227037806923067    1.000000000000000    0.000000000000000
     salt_k014                      0.6459074661852872    1.000000000000000    0.000000000000000
     salt_k015                      1.645312357672320    1.000000000000000    0.000000000000000
     salt_k016                      3.227541299102530    1.000000000000000    0.000000000000000
     salt_k017                      2.965134716471092    1.000000000000000    0.000000000000000
     salt_k018                      2.165998715585530    1.000000000000000    0.000000000000000
     salt_k019                      2.593650373609870    1.000000000000000    0.000000000000000
     salt_k020                      0.4607013238928323    1.000000000000000    0.000000000000000
     salt_k021                      0.8903555872171890    1.000000000000000    0.000000000000000
     salt_k022                      2.320489363524412    1.000000000000000    0.000000000000000
     salt_k023                      45.90780158841989    1.000000000000000    0.000000000000000
     salt_k024                      7.676884619634444    1.000000000000000    0.000000000000000
     salt_k025                      41.45221492712378    1.000000000000000    0.000000000000000
     salt_k026                      0.9286286559334375    1.000000000000000    0.000000000000000
     salt_k027                      6.910826390207870    1.000000000000000    0.000000000000000
     salt_k028                      84.23815167750467    1.000000000000000    0.000000000000000
     salt_k029                      2.965469089375308    1.000000000000000    0.000000000000000
     salt_k030                      6.637765870132278    1.000000000000000    0.000000000000000
     salt_k031                      11.99969261403206    1.000000000000000    0.000000000000000
     salt_k032                      2.677860021564030    1.000000000000000    0.000000000000000
     salt_k033                      1.170114803727006    1.000000000000000    0.000000000000000
     salt_k034                      4.321395111991595    1.000000000000000    0.000000000000000
     salt_k035                      1.722187894107437    1.000000000000000    0.000000000000000
     salt_k036                      1.016451057125436    1.000000000000000    0.000000000000000
    salt_mg000                      90.07238877884367    1.000000000000000    0.000000000000000
    salt_mg001                      26.99322830009661    1.000000000000000    0.000000000000000
    salt_mg002                      13.83376569027252    1.000000000000000    0.000000000000000
    salt_mg003                      99.89191333393022    1.000000000000000    0.000000000000000
    salt_mg004                      6.411903080763202    1.000000000000000    0.000000000000000
    salt_mg005                      16.93066796454807    1.000000000000000    0.000000000000000
    salt_mg006                      6.123595527799026    1.000000000000000    0.000000000000000
    salt_mg007                      29.52270016271759    1.000000000000000    0.000000000000000
    salt_mg008                      2.513804485358032    1.000000000000000    0.000000000000000
    salt_mg009                      7.966831900530062    1.000000000000000    0.000000000000000
    salt_mg010                      5.619315429688454    1.000000000000000    0.000000000000000
    salt_mg011                      27.63463102041549    1.000000000000000    0.000000000000000
    salt_mg012                      5.394194318701018    1.000000000000000    0.000000000000000
    salt_mg013                      6.720881932554139    1.000000000000000    0.000000000000000
    salt_mg014                      10.92887952429929    1.000000000000000    0.000000000000000
    salt_mg015                      28.19974056535468    1.000000000000000    0.000000000000000
    salt_mg016                      32.87789931190043    1.000000000000000    0.000000000000000
    salt_mg017                      63.37895693181933    1.000000000000000    0.000000000000000
    salt_mg018                      5.360721455871302    1.000000000000000    0.000000000000000
    salt_mg019                      20.76930674392102    1.000000000000000    0.000000000000000
    salt_mg020                      1092.502321229225    1.000000000000000    0.000000000000000
    salt_mg021                      7.850792062727715    1.000000000000000    0.000000000000000
    salt_mg022                      16.99392934040306    1.000000000000000    0.000000000000000
    salt_mg023                      3.443772197911963    1.000000000000000    0.000000000000000
    salt_mg024                      63.47870339341169    1.000000000000000    0.000000000000000
    salt_mg025                      36.93787814143663    1.000000000000000    0.000000000000000
    salt_mg026                      22.34303878617821    1.000000000000000    0.000000000000000
    salt_mg027                      20.24747022392393    1.000000000000000    0.000000000000000
    salt_mg028                      254.1662909712660    1.000000000000000    0.000000000000000
    salt_mg029                      3.857758975410098    1.000000000000000    0.000000000000000
    salt_mg030                      36.33664614541508    1.000000000000000    0.000000000000000
    salt_mg031                      35.61873771732942    1.000000000000000    0.000000000000000
    salt_mg032                      8.743671631260163    1.000000000000000    0.000000000000000
    salt_mg033                      453.3542658704023    1.000000000000000    0.000000000000000
    salt_mg034                      17.21825998563431    1.000000000000000    0.000000000000000
    salt_mg035                      13.09223168992532    1.000000000000000    0.000000000000000
    salt_mg036                      1.186221383909338    1.000000000000000    0.000000000000000
    salt_na000                      210.1895679282539    1.000000000000000    0.000000000000000
    salt_na001                      210.6575718661402    1.000000000000000    0.000000000000000
    salt_na002                      32.97174993613878    1.000000000000000    0.000000000000000
    salt_na003                      162.4981257812318    1.000000000000000    0.000000000000000
    salt_na004                      33.35629546751974    1.000000000000000    0.000000000000000
    salt_na005                      86.31738662735100    1.000000000000000    0.000000000000000
    salt_na006                      7.091357337371988    1.000000000000000    0.000000000000000
    salt_na007                      306.3440769469897    1.000000000000000    0.000000000000000
    salt_na008                      81.28827972875165    1.000000000000000    0.000000000000000
    salt_na009                      113.7095234950519    1.000000000000000    0.000000000000000
    salt_na010                      126.7421807939354    1.000000000000000    0.000000000000000
    salt_na011                      238.0453619123460    1.000000000000000    0.000000000000000
    salt_na012                      71.85302015112021    1.000000000000000    0.000000000000000
    salt_na013                      30.09943637987688    1.000000000000000    0.000000000000000
    salt_na014                      113.4092765130421    1.000000000000000    0.000000000000000
    salt_na015                      97.97559586284689    1.000000000000000    0.000000000000000
    salt_na016                      317.7553228569328    1.000000000000000    0.000000000000000
    salt_na017                      793.5434138855423    1.000000000000000    0.000000000000000
    salt_na018                      304.9001678704940    1.000000000000000    0.000000000000000
    salt_na019                      65.78031148568910    1.000000000000000    0.000000000000000
    salt_na020                      283.8988144038918    1.000000000000000    0.000000000000000
    salt_na021                      241.2247552268274    1.000000000000000    0.000000000000000
    salt_na022                      98.87592334769828    1.000000000000000    0.000000000000000
    salt_na023                      76.95971061029840    1.000000000000000    0.000000000000000
    salt_na024                      52.17009005499742    1.000000000000000    0.000000000000000
    salt_na025                      42.05004558765972    1.000000000000000    0.000000000000000
    salt_na026                      74.51586611922905    1.000000000000000    0.000000000000000
    salt_na027                      608.5438047404182    1.000000000000000    0.000000000000000
    salt_na028                      91.64834522466478    1.000000000000000    0.000000000000000
    salt_na029                      188.9630257971445    1.000000000000000    0.000000000000000
    salt_na030                      271.5134112333832    1.000000000000000    0.000000000000000
    salt_na031                      34.16303518832670    1.000000000000000    0.000000000000000
    salt_na032                      1803.063162079615    1.000000000000000    0.000000000000000
    salt_na033                      13.64168881058583    1.000000000000000    0.000000000000000
    salt_na034                      468.8454951176464    1.000000000000000    0.000000000000000
    salt_na035                      61.50072496743645    1.000000000000000    0.000000000000000
    salt_na036                      59.09917838007343    1.000000000000000    0.000000000000000
   salt_so4000                      85.36355203737548    1.000000000000000    0.000000000000000
   salt_so4001                      160.1829077628094    1.000000000000000    0.000000000000000
   salt_so4002                      107.5069996072681    1.000000000000000    0.000000000000000
   salt_so4003                      382.3385400941050    1.000000000000000    0.000000000000000
   salt_so4004                      187.2599336474090    1.000000000000000    0.000000000000000
   salt_so4005                      201.3710430050548    1.000000000000000    0.000000000000000
   salt_so4006                      1479.141788774796    1.000000000000000    0.000000000000000
   salt_so4007                      124.3064052097016    1.000000000000000    0.000000000000000
   salt_so4008                      72.34827444681672    1.000000000000000    0.000000000000000
   salt_so4009                      109.5555360913230    1.000000000000000    0.000000000000000
   salt_so4010                      68.36336248061122    1.000000000000000    0.000000000000000
   salt_so4011                      164.9209128981196    1.000000000000000    0.000000000000000
   salt_so4012                      538.3831444881483    1.000000000000000    0.000000000000000
   salt_so4013                      115.9704210794954    1.000000000000000    0.000000000000000
   salt_so4014                      413.7110751012412    1.000000000000000    0.000000000000000
   salt_so4015                      137.1270710392377    1.000000000000000    0.000000000000000
   salt_so4016                      247.7428620097700    1.000000000000000    0.000000000000000
   salt_so4017                      1149.935277965123    1.000000000000000    0.000000000000000
   salt_so4018                      325.6244050668873    1.000000000000000    0.000000000000000
   salt_so4019                      210.3601625797028    1.000000000000000    0.000000000000000
   salt_so4020                      294.0547965526583    1.000000000000000    0.000000000000000
   salt_so4021                      556.8202636096757    1.000000000000000    0.000000000000000
   salt_so4022                      409.6435823314631    1.000000000000000    0.000000000000000
   salt_so4023                      2624.958494548113    1.000000000000000    0.000000000000000
   salt_so4024                      172.7929446519903    1.000000000000000    0.000000000000000
   salt_so4025                      119.4179777808358    1.000000000000000    0.000000000000000
   salt_so4026                      200.7142105582820    1.000000000000000    0.000000000000000
   salt_so4027                      484.5741307040332    1.000000000000000    0.000000000000000
   salt_so4028                      71.93247764518382    1.000000000000000    0.000000000000000
   salt_so4029                      420.2197589686083    1.000000000000000    0.000000000000000
   salt_so4030                      571.2231064072367    1.000000000000000    0.000000000000000
   salt_so4031                      451.7061121607605    1.000000000000000    0.000000000000000
   salt_so4032                      141.3125704117586    1.000000000000000    0.000000000000000
   salt_so4033                      119.3328386806743    1.000000000000000    0.000000000000000
   salt_so4034                      421.9396983873903    1.000000000000000    0.000000000000000
   salt_so4035                      309.2353940101519    1.000000000000000    0.000000000000000
   salt_so4036                      223.8528349293709    1.000000000000000    0.000000000000000
