single point
    aquf_caco3                      7.834830968374425e-06    1.000000000000000    0.000000000000000
    aquf_caso4                      6.443517501332533e-06    1.000000000000000    0.000000000000000
    aquf_mgso4                      1.314656084933341e-05    1.000000000000000    0.000000000000000
   soil_caco_h                      23.72846424716472    1.000000000000000    0.000000000000000
   soil_caco_l                      12.61506787523736    1.000000000000000    0.000000000000000
   soil_caco_m                      15.85280283079950    1.000000000000000    0.000000000000000
  soil_caco_mh                      17.87454641713562    1.000000000000000    0.000000000000000
  soil_caco_ml                      14.58126509060790    1.000000000000000    0.000000000000000
   soil_caso_h                      5.520397036492406    1.000000000000000    0.000000000000000
   soil_caso_l                      0.1962746091849646    1.000000000000000    0.000000000000000
   soil_caso_m                      1.031418191848315    1.000000000000000    0.000000000000000
  soil_caso_mh                      2.190351196249060    1.000000000000000    0.000000000000000
  soil_caso_ml                      0.4823903476663429    1.000000000000000    0.000000000000000
           p12                      1.610000000000000    1.000000000000000    0.000000000000000
           p15                      2.000000000000000e-05    1.000000000000000    0.000000000000000
           p16                      1.450000000000000    1.000000000000000    0.000000000000000
           p17                      0.5000000000000000    1.000000000000000    0.000000000000000
           p20                      0.4000000000000000    1.000000000000000    0.000000000000000
           p23                      0.003200000000000000    1.000000000000000    0.000000000000000
           p25                      1.000000000000000e-05    1.000000000000000    0.000000000000000
           p40                      1.000000000000000    1.000000000000000    0.000000000000000
           p49                      3.170000000000000    1.000000000000000    0.000000000000000
            p5                      0.1150000000000000    1.000000000000000    0.000000000000000
           p50                      0.3000000000000000    1.000000000000000    0.000000000000000
           p51                      0.9000000000000000    1.000000000000000    0.000000000000000
           p61                      0.1150000000000000    1.000000000000000    0.000000000000000
           p90                      1.000000000000000    1.000000000000000    0.000000000000000
           p91                      0.08720000000000000    1.000000000000000    0.000000000000000
           p92                      2.000000000000000    1.000000000000000    0.000000000000000
   rivbot_rg01                      5.000000000000000    1.000000000000000   -5.000000000000000
   rivbot_rg02                      5.000000000000000    1.000000000000000   -5.000000000000000
   rivbot_rg03                      5.000000000000000    1.000000000000000   -5.000000000000000
   rivbot_rg04                      5.000000000000000    1.000000000000000   -5.000000000000000
   rivbot_rg05                      5.000000000000000    1.000000000000000   -5.000000000000000
    rivcd_rg01                      46.56171013812930    1.000000000000000   -50.00000000000000
    rivcd_rg02                      67.66428483175538    1.000000000000000   -50.00000000000000
    rivcd_rg03                      63.51562707991574    1.000000000000000   -50.00000000000000
    rivcd_rg04                      63.59273280277362    1.000000000000000   -50.00000000000000
    rivcd_rg05                      50.49097320459430    1.000000000000000   -50.00000000000000
    salt_ca000                      65.44432081355855    1.000000000000000    0.000000000000000
    salt_ca001                      36.51460388466104    1.000000000000000    0.000000000000000
    salt_ca002                      91.00037712315209    1.000000000000000    0.000000000000000
    salt_ca003                      69.18255628782529    1.000000000000000    0.000000000000000
    salt_ca004                      105.4860819947407    1.000000000000000    0.000000000000000
    salt_ca005                      114.5520445553454    1.000000000000000    0.000000000000000
    salt_ca006                      102.2652648990226    1.000000000000000    0.000000000000000
    salt_ca007                      204.0513932578538    1.000000000000000    0.000000000000000
    salt_ca008                      68.98775483076371    1.000000000000000    0.000000000000000
    salt_ca009                      106.5809961558729    1.000000000000000    0.000000000000000
    salt_ca010                      120.3942470370954    1.000000000000000    0.000000000000000
    salt_ca011                      101.1553400577180    1.000000000000000    0.000000000000000
    salt_ca012                      142.0294639892374    1.000000000000000    0.000000000000000
    salt_ca013                      115.5865978604511    1.000000000000000    0.000000000000000
    salt_ca014                      78.56723275116904    1.000000000000000    0.000000000000000
    salt_ca015                      120.0150721695199    1.000000000000000    0.000000000000000
    salt_ca016                      196.0820344020376    1.000000000000000    0.000000000000000
    salt_ca017                      93.51350334969810    1.000000000000000    0.000000000000000
    salt_ca018                      96.12979433771268    1.000000000000000    0.000000000000000
    salt_ca019                      106.5454488424085    1.000000000000000    0.000000000000000
    salt_ca020                      126.6742851141997    1.000000000000000    0.000000000000000
    salt_ca021                      141.2661801926607    1.000000000000000    0.000000000000000
    salt_ca022                      77.16661805929378    1.000000000000000    0.000000000000000
    salt_ca023                      148.9314458880981    1.000000000000000    0.000000000000000
    salt_ca024                      137.0340698274868    1.000000000000000    0.000000000000000
    salt_ca025                      85.16745850452591    1.000000000000000    0.000000000000000
    salt_ca026                      97.95581521791739    1.000000000000000    0.000000000000000
    salt_ca027                      220.7725475724188    1.000000000000000    0.000000000000000
    salt_ca028                      82.42963276253110    1.000000000000000    0.000000000000000
    salt_ca029                      87.05681374603768    1.000000000000000    0.000000000000000
    salt_ca030                      97.09239993379560    1.000000000000000    0.000000000000000
    salt_ca031                      129.1163840044719    1.000000000000000    0.000000000000000
    salt_ca032                      75.20134533826842    1.000000000000000    0.000000000000000
    salt_ca033                      99.43260023083377    1.000000000000000    0.000000000000000
    salt_ca034                      127.4717746203625    1.000000000000000    0.000000000000000
    salt_ca035                      83.39505571627090    1.000000000000000    0.000000000000000
    salt_ca036                      50.52425802524321    1.000000000000000    0.000000000000000
    salt_cl000                      176.7106258204454    1.000000000000000    0.000000000000000
    salt_cl001                      146.5515239417693    1.000000000000000    0.000000000000000
    salt_cl002                      136.0473448435462    1.000000000000000    0.000000000000000
    salt_cl003                      140.3323040591876    1.000000000000000    0.000000000000000
    salt_cl004                      236.1911085676975    1.000000000000000    0.000000000000000
    salt_cl005                      157.6269347754688    1.000000000000000    0.000000000000000
    salt_cl006                      93.86696422626969    1.000000000000000    0.000000000000000
    salt_cl007                      118.8368561728908    1.000000000000000    0.000000000000000
    salt_cl008                      90.84492997197395    1.000000000000000    0.000000000000000
    salt_cl009                      93.35124126891520    1.000000000000000    0.000000000000000
    salt_cl010                      67.65177241591971    1.000000000000000    0.000000000000000
    salt_cl011                      121.1364277048863    1.000000000000000    0.000000000000000
    salt_cl012                      140.4436581222996    1.000000000000000    0.000000000000000
    salt_cl013                      131.5130943216571    1.000000000000000    0.000000000000000
    salt_cl014                      196.2122959351131    1.000000000000000    0.000000000000000
    salt_cl015                      74.15448515839871    1.000000000000000    0.000000000000000
    salt_cl016                      167.3675875061278    1.000000000000000    0.000000000000000
    salt_cl017                      117.3392285635523    1.000000000000000    0.000000000000000
    salt_cl018                      192.4555368006197    1.000000000000000    0.000000000000000
    salt_cl019                      164.2670665428126    1.000000000000000    0.000000000000000
    salt_cl020                      157.3386397325667    1.000000000000000    0.000000000000000
    salt_cl021                      91.78342455690847    1.000000000000000    0.000000000000000
    salt_cl022                      136.4258842542231    1.000000000000000    0.000000000000000
    salt_cl023                      128.7987593319742    1.000000000000000    0.000000000000000
    salt_cl024                      241.2456499704330    1.000000000000000    0.000000000000000
    salt_cl025                      96.70265956612324    1.000000000000000    0.000000000000000
    salt_cl026                      94.46012969481953    1.000000000000000    0.000000000000000
    salt_cl027                      139.1539006166841    1.000000000000000    0.000000000000000
    salt_cl028                      171.8737560330626    1.000000000000000    0.000000000000000
    salt_cl029                      163.3046572514457    1.000000000000000    0.000000000000000
    salt_cl030                      132.5295548194159    1.000000000000000    0.000000000000000
    salt_cl031                      182.6190672676086    1.000000000000000    0.000000000000000
    salt_cl032                      164.5687647843615    1.000000000000000    0.000000000000000
    salt_cl033                      248.7133239998599    1.000000000000000    0.000000000000000
    salt_cl034                      80.10730731729690    1.000000000000000    0.000000000000000
    salt_cl035                      223.9613621757853    1.000000000000000    0.000000000000000
    salt_cl036                      185.5624152149916    1.000000000000000    0.000000000000000
   salt_co3000                      3.569982866228933    1.000000000000000    0.000000000000000
   salt_co3001                      5.079975309076299    1.000000000000000    0.000000000000000
   salt_co3002                      4.341242616452024    1.000000000000000    0.000000000000000
   salt_co3003                      5.047455571007934    1.000000000000000    0.000000000000000
   salt_co3004                      3.646918594511201    1.000000000000000    0.000000000000000
   salt_co3005                      6.766357276214455    1.000000000000000    0.000000000000000
   salt_co3006                      2.486019747116927    1.000000000000000    0.000000000000000
   salt_co3007                      2.368211776124336    1.000000000000000    0.000000000000000
   salt_co3008                      6.042846341818231    1.000000000000000    0.000000000000000
   salt_co3009                      2.144200276130718    1.000000000000000    0.000000000000000
   salt_co3010                      3.103706976455910    1.000000000000000    0.000000000000000
   salt_co3011                      3.367518798769196    1.000000000000000    0.000000000000000
   salt_co3012                      3.547669079365695    1.000000000000000    0.000000000000000
   salt_co3013                      3.973797483119097    1.000000000000000    0.000000000000000
   salt_co3014                      2.563770997925098    1.000000000000000    0.000000000000000
   salt_co3015                      3.149843136687405    1.000000000000000    0.000000000000000
   salt_co3016                      5.169426497145583    1.000000000000000    0.000000000000000
   salt_co3017                      3.851545453802876    1.000000000000000    0.000000000000000
   salt_co3018                      5.870668259886510    1.000000000000000    0.000000000000000
   salt_co3019                      3.234662692040539    1.000000000000000    0.000000000000000
   salt_co3020                      3.877052400963374    1.000000000000000    0.000000000000000
   salt_co3021                      3.366705915629827    1.000000000000000    0.000000000000000
   salt_co3022                      2.753166132115799    1.000000000000000    0.000000000000000
   salt_co3023                      4.604254224046218    1.000000000000000    0.000000000000000
   salt_co3024                      3.483919012341866    1.000000000000000    0.000000000000000
   salt_co3025                      2.096240153390513    1.000000000000000    0.000000000000000
   salt_co3026                      1.591779249321962    1.000000000000000    0.000000000000000
   salt_co3027                      3.827438932493548    1.000000000000000    0.000000000000000
   salt_co3028                      3.058817429772705    1.000000000000000    0.000000000000000
   salt_co3029                      3.582511756274229    1.000000000000000    0.000000000000000
   salt_co3030                      2.697090022751695    1.000000000000000    0.000000000000000
   salt_co3031                      5.073216486882045    1.000000000000000    0.000000000000000
   salt_co3032                      5.235024301634569    1.000000000000000    0.000000000000000
   salt_co3033                      7.040248982553543    1.000000000000000    0.000000000000000
   salt_co3034                      3.877798448540293    1.000000000000000    0.000000000000000
   salt_co3035                      6.407418071331768    1.000000000000000    0.000000000000000
   salt_co3036                      2.571332381671420    1.000000000000000    0.000000000000000
  salt_hco3000                      237.4961926720844    1.000000000000000    0.000000000000000
  salt_hco3001                      493.5996205394321    1.000000000000000    0.000000000000000
  salt_hco3002                      542.7662682965447    1.000000000000000    0.000000000000000
  salt_hco3003                      239.9791558218018    1.000000000000000    0.000000000000000
  salt_hco3004                      309.1360515620490    1.000000000000000    0.000000000000000
  salt_hco3005                      331.4804048132095    1.000000000000000    0.000000000000000
  salt_hco3006                      243.7996956171660    1.000000000000000    0.000000000000000
  salt_hco3007                      452.7082374082900    1.000000000000000    0.000000000000000
  salt_hco3008                      174.8824032614607    1.000000000000000    0.000000000000000
  salt_hco3009                      264.6123465171274    1.000000000000000    0.000000000000000
  salt_hco3010                      527.7639790633418    1.000000000000000    0.000000000000000
  salt_hco3011                      142.7740238088245    1.000000000000000    0.000000000000000
  salt_hco3012                      376.2446671089710    1.000000000000000    0.000000000000000
  salt_hco3013                      346.3930486616285    1.000000000000000    0.000000000000000
  salt_hco3014                      307.9485785619328    1.000000000000000    0.000000000000000
  salt_hco3015                      188.0256377050708    1.000000000000000    0.000000000000000
  salt_hco3016                      761.4428888512283    1.000000000000000    0.000000000000000
  salt_hco3017                      561.2090666383691    1.000000000000000    0.000000000000000
  salt_hco3018                      395.0466215587604    1.000000000000000    0.000000000000000
  salt_hco3019                      937.5611397839833    1.000000000000000    0.000000000000000
  salt_hco3020                      622.5013070964364    1.000000000000000    0.000000000000000
  salt_hco3021                      267.0137035798750    1.000000000000000    0.000000000000000
  salt_hco3022                      490.0582350992036    1.000000000000000    0.000000000000000
  salt_hco3023                      440.4086970560430    1.000000000000000    0.000000000000000
  salt_hco3024                      744.9129126953081    1.000000000000000    0.000000000000000
  salt_hco3025                      339.2307981763889    1.000000000000000    0.000000000000000
  salt_hco3026                      403.0062978119757    1.000000000000000    0.000000000000000
  salt_hco3027                      388.8941159296915    1.000000000000000    0.000000000000000
  salt_hco3028                      226.3822561094002    1.000000000000000    0.000000000000000
  salt_hco3029                      456.1860661650603    1.000000000000000    0.000000000000000
  salt_hco3030                      236.0751618172133    1.000000000000000    0.000000000000000
  salt_hco3031                      381.2870338663585    1.000000000000000    0.000000000000000
  salt_hco3032                      222.2028318274295    1.000000000000000    0.000000000000000
  salt_hco3033                      272.3264972790080    1.000000000000000    0.000000000000000
  salt_hco3034                      189.8208074559543    1.000000000000000    0.000000000000000
  salt_hco3035                      296.9882129484809    1.000000000000000    0.000000000000000
  salt_hco3036                      424.8291940481988    1.000000000000000    0.000000000000000
     salt_k000                      1.669215985898236    1.000000000000000    0.000000000000000
     salt_k001                      1.558958301649456    1.000000000000000    0.000000000000000
     salt_k002                      6.889923794033244    1.000000000000000    0.000000000000000
     salt_k003                      2.164570188987217    1.000000000000000    0.000000000000000
     salt_k004                      2.128388630468401    1.000000000000000    0.000000000000000
     salt_k005                      3.227837494085341    1.000000000000000    0.000000000000000
     salt_k006                      3.045250536389113    1.000000000000000    0.000000000000000
     salt_k007                      1.025832733426091    1.000000000000000    0.000000000000000
     salt_k008                      1.549268039041299    1.000000000000000    0.000000000000000
     salt_k009                      1.325884860414613    1.000000000000000    0.000000000000000
     salt_k010                      2.643270777603731    1.000000000000000    0.000000000000000
     salt_k011                      1.833615495459731    1.000000000000000    0.000000000000000
     salt_k012                      5.235550568219179    1.000000000000000    0.000000000000000
     salt_k013                      2.489564471234321    1.000000000000000    0.000000000000000
     salt_k014                      1.731926507289616    1.000000000000000    0.000000000000000
     salt_k015                      3.122398489144992    1.000000000000000    0.000000000000000
     salt_k016                      3.331151010972887    1.000000000000000    0.000000000000000
     salt_k017                      3.375194539159130    1.000000000000000    0.000000000000000
     salt_k018                      1.194810684035575    1.000000000000000    0.000000000000000
     salt_k019                      1.785958861740755    1.000000000000000    0.000000000000000
     salt_k020                      2.460675621893758    1.000000000000000    0.000000000000000
     salt_k021                      1.965023534013683    1.000000000000000    0.000000000000000
     salt_k022                      2.399010110151952    1.000000000000000    0.000000000000000
     salt_k023                      4.211910999507519    1.000000000000000    0.000000000000000
     salt_k024                      2.676281115412698    1.000000000000000    0.000000000000000
     salt_k025                      6.977713199630401    1.000000000000000    0.000000000000000
     salt_k026                      2.546508315855155    1.000000000000000    0.000000000000000
     salt_k027                      3.777435154541060    1.000000000000000    0.000000000000000
     salt_k028                      2.328891048225749    1.000000000000000    0.000000000000000
     salt_k029                      3.539328979803802    1.000000000000000    0.000000000000000
     salt_k030                      2.828076602864245    1.000000000000000    0.000000000000000
     salt_k031                      2.424502102865320    1.000000000000000    0.000000000000000
     salt_k032                      2.445010375573355    1.000000000000000    0.000000000000000
     salt_k033                      2.747672789720193    1.000000000000000    0.000000000000000
     salt_k034                      4.023869673161426    1.000000000000000    0.000000000000000
     salt_k035                      1.218037254828072    1.000000000000000    0.000000000000000
     salt_k036                      2.776267379674383    1.000000000000000    0.000000000000000
    salt_mg000                      16.59261588701474    1.000000000000000    0.000000000000000
    salt_mg001                      10.02879349558506    1.000000000000000    0.000000000000000
    salt_mg002                      14.60533766627854    1.000000000000000    0.000000000000000
    salt_mg003                      28.35293462852374    1.000000000000000    0.000000000000000
    salt_mg004                      24.08541375556201    1.000000000000000    0.000000000000000
    salt_mg005                      22.16382657190853    1.000000000000000    0.000000000000000
    salt_mg006                      14.28784050632584    1.000000000000000    0.000000000000000
    salt_mg007                      15.11188684440081    1.000000000000000    0.000000000000000
    salt_mg008                      12.38419173523512    1.000000000000000    0.000000000000000
    salt_mg009                      20.30626842180109    1.000000000000000    0.000000000000000
    salt_mg010                      19.79480362458560    1.000000000000000    0.000000000000000
    salt_mg011                      18.68602111757111    1.000000000000000    0.000000000000000
    salt_mg012                      12.11535271244792    1.000000000000000    0.000000000000000
    salt_mg013                      13.01101728449718    1.000000000000000    0.000000000000000
    salt_mg014                      8.593716386457135    1.000000000000000    0.000000000000000
    salt_mg015                      18.98653187045006    1.000000000000000    0.000000000000000
    salt_mg016                      28.09066843892200    1.000000000000000    0.000000000000000
    salt_mg017                      18.76914813931322    1.000000000000000    0.000000000000000
    salt_mg018                      16.21289146915390    1.000000000000000    0.000000000000000
    salt_mg019                      25.23400651626405    1.000000000000000    0.000000000000000
    salt_mg020                      23.01061949470608    1.000000000000000    0.000000000000000
    salt_mg021                      16.96285933019994    1.000000000000000    0.000000000000000
    salt_mg022                      14.90386674283155    1.000000000000000    0.000000000000000
    salt_mg023                      18.20638379963605    1.000000000000000    0.000000000000000
    salt_mg024                      25.60277079590601    1.000000000000000    0.000000000000000
    salt_mg025                      18.44330297778121    1.000000000000000    0.000000000000000
    salt_mg026                      25.81815206334798    1.000000000000000    0.000000000000000
    salt_mg027                      20.45954581870397    1.000000000000000    0.000000000000000
    salt_mg028                      34.45944050791813    1.000000000000000    0.000000000000000
    salt_mg029                      17.28908339303541    1.000000000000000    0.000000000000000
    salt_mg030                      21.07805524637615    1.000000000000000    0.000000000000000
    salt_mg031                      13.45987091764725    1.000000000000000    0.000000000000000
    salt_mg032                      12.42602487982080    1.000000000000000    0.000000000000000
    salt_mg033                      29.52361003510260    1.000000000000000    0.000000000000000
    salt_mg034                      27.76072554584728    1.000000000000000    0.000000000000000
    salt_mg035                      11.07312306262479    1.000000000000000    0.000000000000000
    salt_mg036                      18.96707622105743    1.000000000000000    0.000000000000000
    salt_na000                      158.6533962830623    1.000000000000000    0.000000000000000
    salt_na001                      221.2894359135840    1.000000000000000    0.000000000000000
    salt_na002                      130.3562583895146    1.000000000000000    0.000000000000000
    salt_na003                      121.9431445694788    1.000000000000000    0.000000000000000
    salt_na004                      192.3591088526990    1.000000000000000    0.000000000000000
    salt_na005                      144.0164625660396    1.000000000000000    0.000000000000000
    salt_na006                      79.38417283790334    1.000000000000000    0.000000000000000
    salt_na007                      164.8592834109378    1.000000000000000    0.000000000000000
    salt_na008                      79.44764304358134    1.000000000000000    0.000000000000000
    salt_na009                      233.9084340052837    1.000000000000000    0.000000000000000
    salt_na010                      117.7152921890190    1.000000000000000    0.000000000000000
    salt_na011                      121.9927291905527    1.000000000000000    0.000000000000000
    salt_na012                      162.7307521254190    1.000000000000000    0.000000000000000
    salt_na013                      106.0868669479150    1.000000000000000    0.000000000000000
    salt_na014                      110.6081412721515    1.000000000000000    0.000000000000000
    salt_na015                      117.4554177767263    1.000000000000000    0.000000000000000
    salt_na016                      263.7036997552769    1.000000000000000    0.000000000000000
    salt_na017                      166.1659516176452    1.000000000000000    0.000000000000000
    salt_na018                      248.7746091484615    1.000000000000000    0.000000000000000
    salt_na019                      151.5113542113686    1.000000000000000    0.000000000000000
    salt_na020                      161.1988143788339    1.000000000000000    0.000000000000000
    salt_na021                      166.1688031135068    1.000000000000000    0.000000000000000
    salt_na022                      78.43584462348441    1.000000000000000    0.000000000000000
    salt_na023                      168.4129402586317    1.000000000000000    0.000000000000000
    salt_na024                      88.64626554688238    1.000000000000000    0.000000000000000
    salt_na025                      188.7787467624198    1.000000000000000    0.000000000000000
    salt_na026                      164.6940908510223    1.000000000000000    0.000000000000000
    salt_na027                      258.5011692626467    1.000000000000000    0.000000000000000
    salt_na028                      72.21511711836490    1.000000000000000    0.000000000000000
    salt_na029                      140.0872834756761    1.000000000000000    0.000000000000000
    salt_na030                      165.2327944657295    1.000000000000000    0.000000000000000
    salt_na031                      141.7980244530114    1.000000000000000    0.000000000000000
    salt_na032                      275.4186998286627    1.000000000000000    0.000000000000000
    salt_na033                      159.8768615629490    1.000000000000000    0.000000000000000
    salt_na034                      163.7274505281238    1.000000000000000    0.000000000000000
    salt_na035                      99.25968756536520    1.000000000000000    0.000000000000000
    salt_na036                      158.9155090301627    1.000000000000000    0.000000000000000
   salt_so4000                      191.8573764077151    1.000000000000000    0.000000000000000
   salt_so4001                      265.1018964291915    1.000000000000000    0.000000000000000
   salt_so4002                      354.2803923581691    1.000000000000000    0.000000000000000
   salt_so4003                      547.0195782820470    1.000000000000000    0.000000000000000
   salt_so4004                      191.9053986514149    1.000000000000000    0.000000000000000
   salt_so4005                      290.8526942004306    1.000000000000000    0.000000000000000
   salt_so4006                      310.4338055247787    1.000000000000000    0.000000000000000
   salt_so4007                      179.4615010232809    1.000000000000000    0.000000000000000
   salt_so4008                      175.4223053083025    1.000000000000000    0.000000000000000
   salt_so4009                      314.4916987639705    1.000000000000000    0.000000000000000
   salt_so4010                      306.0442954097846    1.000000000000000    0.000000000000000
   salt_so4011                      240.8114427484659    1.000000000000000    0.000000000000000
   salt_so4012                      425.5478816074248    1.000000000000000    0.000000000000000
   salt_so4013                      244.7492445329979    1.000000000000000    0.000000000000000
   salt_so4014                      127.5892692853222    1.000000000000000    0.000000000000000
   salt_so4015                      152.3652214218505    1.000000000000000    0.000000000000000
   salt_so4016                      265.7681394912852    1.000000000000000    0.000000000000000
   salt_so4017                      512.1263368952940    1.000000000000000    0.000000000000000
   salt_so4018                      187.6955966576474    1.000000000000000    0.000000000000000
   salt_so4019                      270.6489194439596    1.000000000000000    0.000000000000000
   salt_so4020                      525.2154570898091    1.000000000000000    0.000000000000000
   salt_so4021                      316.7373326989929    1.000000000000000    0.000000000000000
   salt_so4022                      204.0877188355625    1.000000000000000    0.000000000000000
   salt_so4023                      946.7745593133418    1.000000000000000    0.000000000000000
   salt_so4024                      198.1648938013451    1.000000000000000    0.000000000000000
   salt_so4025                      130.9166842124999    1.000000000000000    0.000000000000000
   salt_so4026                      251.6763219647218    1.000000000000000    0.000000000000000
   salt_so4027                      268.3083730296263    1.000000000000000    0.000000000000000
   salt_so4028                      239.2177120192815    1.000000000000000    0.000000000000000
   salt_so4029                      311.1105948907079    1.000000000000000    0.000000000000000
   salt_so4030                      237.5694498021502    1.000000000000000    0.000000000000000
   salt_so4031                      207.3744895285190    1.000000000000000    0.000000000000000
   salt_so4032                      137.2957803198814    1.000000000000000    0.000000000000000
   salt_so4033                      198.8446026782252    1.000000000000000    0.000000000000000
   salt_so4034                      216.5218361080435    1.000000000000000    0.000000000000000
   salt_so4035                      272.4447000517501    1.000000000000000    0.000000000000000
   salt_so4036                      312.9418294717140    1.000000000000000    0.000000000000000
